OUT1 START	722	0	0	0	0
OUT1 LP	722	0	-10.611862	11.382887	-0.531547
OUT1 IP	722	0	-3.019263	4.170846	-0.035873
OUT1 IP	722	1	-10.611862	11.382887	-0.531547
OUT1 IP	722	2	-5.375499	6.159384	-0.308918
OUT1 IP	722	3	-0.729327	1.398277	-0.253648
OUT1 IP	722	4	-0.617517	0.548296	-0.631969
OUT1 IP	722	5	-0.413536	0.220713	-0.111950
OUT1 IP	722	6	1.557112	-1.226705	0.038933
OUT1 IP	722	7	0.273991	-0.660013	-0.212038
OUT1 IP	722	8	0.208641	0.155400	-0.198459
OUT1 IP	722	9	1.028879	-1.038655	1.202860
OUT1 IP	722	10	0.475599	-0.555527	0.045322
OUT1 IP	722	11	-2.539409	2.596653	-0.077571
OUT1 IP	722	12	-2.428305	2.395428	0.040552
OUT1 IP	722	13	-0.454681	0.787223	-0.470987
OUT1 IP	722	14	0.118286	1.069170	0.481634
OUT1 IP	722	15	1.348515	-1.393820	-0.028874
OUT1 IP	722	16	0.274001	-0.392386	-0.288209
OUT1 IP	722	17	0.361092	-1.143427	0.389854
OUT1 IP	722	18	0.521509	-0.060629	0.351310
OUT1 IP	722	19	0.319753	-0.234099	-0.189221
OUT1 IP	722	20	3.321203	-4.425310	-0.242636
OUT1 IP	722	21	1.379192	-1.566795	0.293543
OUT1 IP	722	22	0.178546	-0.233885	0.207164
OUT1 IP	722	23	0.550132	-0.885256	0.232981
OUT1 IP	722	24	1.488070	-2.084934	-0.003610
OUT1 IP	722	25	3.007762	-3.370338	0.222083
OUT1 IP	722	26	4.135326	-5.273195	0.607356
OUT1 IP	722	27	0.979718	-0.831550	0.110379
OUT1 IP	722	28	8.072927	-11.106753	1.572090
OUT1 IP	722	29	1.337390	-1.761300	0.147374
OUT1 JetStat	722	2	2	0	0
OUT1 JET	722	0	28.466577	-36.518807	3.379921
OUT1 con	722	0	22	0	0
OUT1 con	722	0	7	0	0
OUT1 con	722	0	17	0	0
OUT1 con	722	0	6	0	0
OUT1 con	722	0	27	0	0
OUT1 con	722	0	23	0	0
OUT1 con	722	0	15	0	0
OUT1 con	722	0	20	0	0
OUT1 con	722	0	24	0	0
OUT1 con	722	0	25	0	0
OUT1 con	722	0	21	0	0
OUT1 con	722	0	10	0	0
OUT1 con	722	0	29	0	0
OUT1 con	722	0	26	0	0
OUT1 con	722	0	28	0	0
OUT1 JET	722	1	-25.571882	29.111410	-1.749942
OUT1 con	722	1	13	0	0
OUT1 con	722	1	5	0	0
OUT1 con	722	1	3	0	0
OUT1 con	722	1	0	0	0
OUT1 con	722	1	12	0	0
OUT1 con	722	1	2	0	0
OUT1 con	722	1	1	0	0
OUT1 con	722	1	11	0	0
OUT1 END	722	0	0	0	0
