# Quantification Results (Multiplicity-Integrated, Generalized Gaussian Fitting)
# Background extracted from 2D Gaussian fit parameter
# NSY calculated from integrated Gaussian: Amplitude * 2*pi * sigma_eta * sigma_phi
# Format: pT_trig_min pT_trig_max pT_assoc_min pT_assoc_max category NSY background sigma_eta sigma_phi fraction
#
1.0000 2.0000 1.0000 2.0000 Single 22.0451 8.6123 0.2961 0.3142 53.4659
1.0000 2.0000 1.0000 2.0000 Dijet 12.8920 10.4716 0.3985 0.2256 31.2669
1.0000 2.0000 1.0000 2.0000 Multijet 6.2950 15.4110 0.1000 0.1377 15.2673
1.0000 2.0000 2.0000 3.0000 Single 0.0000 0.0000 0.0000 0.0000 0.0000
1.0000 2.0000 2.0000 3.0000 Dijet 0.0000 0.0000 0.0000 0.0000 0.0000
1.0000 2.0000 2.0000 3.0000 Multijet 0.0000 0.0000 0.0000 0.0000 0.0000
1.0000 2.0000 3.0000 4.0000 Single 0.0000 0.0000 0.0000 0.0000 0.0000
1.0000 2.0000 3.0000 4.0000 Dijet 0.0000 0.0000 0.0000 0.0000 0.0000
1.0000 2.0000 3.0000 4.0000 Multijet 0.0000 0.0000 0.0000 0.0000 0.0000
1.0000 2.0000 4.0000 8.0000 Single 0.0000 0.0000 0.0000 0.0000 0.0000
1.0000 2.0000 4.0000 8.0000 Dijet 0.0000 0.0000 0.0000 0.0000 0.0000
1.0000 2.0000 4.0000 8.0000 Multijet 0.0000 0.0000 0.0000 0.0000 0.0000
2.0000 3.0000 1.0000 2.0000 Single 22.2537 12.2017 0.1000 0.2138 36.0442
2.0000 3.0000 1.0000 2.0000 Dijet 19.2046 12.0618 0.1001 0.1893 31.1056
2.0000 3.0000 1.0000 2.0000 Multijet 20.2817 18.1636 0.2680 0.1352 32.8502
2.0000 3.0000 2.0000 3.0000 Single 12.5738 43.1297 0.1000 0.2078 31.1368
2.0000 3.0000 2.0000 3.0000 Dijet 0.0001 57.5537 1.9747 0.1273 0.0001
2.0000 3.0000 2.0000 3.0000 Multijet 27.8087 93.7634 0.1000 0.1000 68.8631
2.0000 3.0000 3.0000 4.0000 Single 0.0000 0.0000 0.0000 0.0000 0.0000
2.0000 3.0000 3.0000 4.0000 Dijet 0.0000 0.0000 0.0000 0.0000 0.0000
2.0000 3.0000 3.0000 4.0000 Multijet 0.0000 0.0000 0.0000 0.0000 0.0000
2.0000 3.0000 4.0000 8.0000 Single 0.0000 0.0000 0.0000 0.0000 0.0000
2.0000 3.0000 4.0000 8.0000 Dijet 0.0000 0.0000 0.0000 0.0000 0.0000
2.0000 3.0000 4.0000 8.0000 Multijet 0.0000 0.0000 0.0000 0.0000 0.0000
3.0000 4.0000 1.0000 2.0000 Single 18.7344 21.5530 0.1979 0.1908 13.1202
3.0000 4.0000 1.0000 2.0000 Dijet 5.5330 21.3162 0.1401 0.1000 3.8749
3.0000 4.0000 1.0000 2.0000 Multijet 118.5230 27.2402 0.4610 1.2063 83.0048
3.0000 4.0000 2.0000 3.0000 Single 19.6426 76.2018 0.2886 0.1000 0.5203
3.0000 4.0000 2.0000 3.0000 Dijet 14.2052 50.6431 0.1661 0.1000 0.3763
3.0000 4.0000 2.0000 3.0000 Multijet 3741.2788 26.9890 1.2900 2.0000 99.1034
3.0000 4.0000 3.0000 4.0000 Single 665.6051 474.5913 0.1000 0.1448 42.1191
3.0000 4.0000 3.0000 4.0000 Dijet 647.7936 232.4736 0.4806 0.2043 40.9920
3.0000 4.0000 3.0000 4.0000 Multijet 266.8929 1056.1494 0.1000 1.8635 16.8888
3.0000 4.0000 4.0000 8.0000 Single 0.0000 0.0000 0.0000 0.0000 0.0000
3.0000 4.0000 4.0000 8.0000 Dijet 0.0000 0.0000 0.0000 0.0000 0.0000
3.0000 4.0000 4.0000 8.0000 Multijet 0.0000 0.0000 0.0000 0.0000 0.0000
4.0000 8.0000 1.0000 2.0000 Single 19.2411 19.3118 0.2241 0.1443 24.6685
4.0000 8.0000 1.0000 2.0000 Dijet 30.8697 13.7486 0.5097 0.2091 39.5771
4.0000 8.0000 1.0000 2.0000 Multijet 27.8880 70.4193 0.1000 0.1000 35.7544
4.0000 8.0000 2.0000 3.0000 Single 581.6820 24.8008 1.5095 0.6807 41.8151
4.0000 8.0000 2.0000 3.0000 Dijet 46.3680 46.4020 0.1000 0.1183 3.3332
4.0000 8.0000 2.0000 3.0000 Multijet 763.0318 224.2243 0.1004 2.0000 54.8517
4.0000 8.0000 3.0000 4.0000 Single 0.0001 176.2808 0.1605 0.2732 0.0000
4.0000 8.0000 3.0000 4.0000 Dijet 2182.0985 103.0973 0.1157 0.2347 41.3108
4.0000 8.0000 3.0000 4.0000 Multijet 3100.0466 668.9796 0.1501 1.5387 58.6892
4.0000 8.0000 4.0000 8.0000 Single 279.2224 754.6087 0.7879 0.9474 3.0170
4.0000 8.0000 4.0000 8.0000 Dijet 92.0421 301.0032 0.1000 0.1000 0.9945
4.0000 8.0000 4.0000 8.0000 Multijet 8883.7651 295.2062 0.4028 0.4780 95.9885
