# Quantification Results (Multiplicity-Integrated)
# Format: pT_trig_min pT_trig_max pT_assoc_min pT_assoc_max category NSY sigma_eta sigma_phi fraction
#
1.0000 2.0000 1.0000 2.0000 Single 20934.1653 0.5284 0.7004 36.9562
1.0000 2.0000 1.0000 2.0000 Dijet 18306.6189 0.5534 0.8184 32.3177
1.0000 2.0000 1.0000 2.0000 Multijet 17405.0995 0.5861 0.8183 30.7262
1.0000 2.0000 2.0000 3.0000 Single 0.0000 0.0000 0.0000 0.0000
1.0000 2.0000 2.0000 3.0000 Dijet 0.0000 0.0000 0.0000 0.0000
1.0000 2.0000 2.0000 3.0000 Multijet 0.0000 0.0000 0.0000 0.0000
1.0000 2.0000 3.0000 4.0000 Single 0.0000 0.0000 0.0000 0.0000
1.0000 2.0000 3.0000 4.0000 Dijet 0.0000 0.0000 0.0000 0.0000
1.0000 2.0000 3.0000 4.0000 Multijet 0.0000 0.0000 0.0000 0.0000
1.0000 2.0000 4.0000 8.0000 Single 0.0000 0.0000 0.0000 0.0000
1.0000 2.0000 4.0000 8.0000 Dijet 0.0000 0.0000 0.0000 0.0000
1.0000 2.0000 4.0000 8.0000 Multijet 0.0000 0.0000 0.0000 0.0000
2.0000 3.0000 1.0000 2.0000 Single 20628.5666 0.4891 0.7470 34.7562
2.0000 3.0000 1.0000 2.0000 Dijet 20786.2934 0.5446 0.6994 35.0219
2.0000 3.0000 1.0000 2.0000 Multijet 17937.3433 0.5524 0.7033 30.2219
2.0000 3.0000 2.0000 3.0000 Single 14982.2024 0.4009 0.6287 29.9018
2.0000 3.0000 2.0000 3.0000 Dijet 15317.3851 0.4246 0.6000 30.5708
2.0000 3.0000 2.0000 3.0000 Multijet 19805.0577 0.3771 0.6055 39.5274
2.0000 3.0000 3.0000 4.0000 Single 0.0000 0.0000 0.0000 0.0000
2.0000 3.0000 3.0000 4.0000 Dijet 0.0000 0.0000 0.0000 0.0000
2.0000 3.0000 3.0000 4.0000 Multijet 0.0000 0.0000 0.0000 0.0000
2.0000 3.0000 4.0000 8.0000 Single 0.0000 0.0000 0.0000 0.0000
2.0000 3.0000 4.0000 8.0000 Dijet 0.0000 0.0000 0.0000 0.0000
2.0000 3.0000 4.0000 8.0000 Multijet 0.0000 0.0000 0.0000 0.0000
3.0000 4.0000 1.0000 2.0000 Single 25686.7330 0.4328 0.5617 41.4960
3.0000 4.0000 1.0000 2.0000 Dijet 18295.3557 0.5094 0.7750 29.5555
3.0000 4.0000 1.0000 2.0000 Multijet 17919.6040 0.4739 0.7691 28.9485
3.0000 4.0000 2.0000 3.0000 Single 25438.3978 0.2640 0.4742 41.4338
3.0000 4.0000 2.0000 3.0000 Dijet 17969.1978 0.3891 0.6127 29.2680
3.0000 4.0000 2.0000 3.0000 Multijet 17987.7246 0.3901 0.6727 29.2982
3.0000 4.0000 3.0000 4.0000 Single 17558.5881 0.3006 0.4272 40.1784
3.0000 4.0000 3.0000 4.0000 Dijet 13800.1292 0.1795 0.3811 31.5781
3.0000 4.0000 3.0000 4.0000 Multijet 12342.8571 0.2115 0.4391 28.2435
3.0000 4.0000 4.0000 8.0000 Single 0.0000 0.0000 0.0000 0.0000
3.0000 4.0000 4.0000 8.0000 Dijet 0.0000 0.0000 0.0000 0.0000
3.0000 4.0000 4.0000 8.0000 Multijet 0.0000 0.0000 0.0000 0.0000
4.0000 8.0000 1.0000 2.0000 Single 20825.2820 0.4772 0.6265 37.6665
4.0000 8.0000 1.0000 2.0000 Dijet 16732.6146 0.5144 0.7759 30.2641
4.0000 8.0000 1.0000 2.0000 Multijet 17730.6833 0.4561 0.7906 32.0693
4.0000 8.0000 2.0000 3.0000 Single 18704.2751 0.3128 0.4297 31.8931
4.0000 8.0000 2.0000 3.0000 Dijet 20605.9637 0.2824 0.4210 35.1357
4.0000 8.0000 2.0000 3.0000 Multijet 19336.5354 0.3125 0.6382 32.9712
4.0000 8.0000 3.0000 4.0000 Single 17904.3700 0.1852 0.3839 34.9286
4.0000 8.0000 3.0000 4.0000 Dijet 12697.8360 0.2341 0.6089 24.7714
4.0000 8.0000 3.0000 4.0000 Multijet 20657.7775 0.3643 0.6552 40.3000
4.0000 8.0000 4.0000 8.0000 Single 19199.9998 0.1485 0.1314 48.7081
4.0000 8.0000 4.0000 8.0000 Dijet 10618.5131 0.1841 0.2617 26.9379
4.0000 8.0000 4.0000 8.0000 Multijet 9600.0000 0.1414 0.0592 24.3540
