OUT44 START	44	0	0	0	0
OUT44 LP	44	0	3.77442	2.31303	3.31592
OUT44 IP 44	0	-2.53251	-2.91161	-1.80049
OUT44 IP 44	1	0.0751874	-0.537771	0.354294
OUT44 IP 44	2	-0.429222	-0.337628	0.0943267
OUT44 IP 44	3	-0.329177	-0.934201	0.715178
OUT44 IP 44	4	0.815792	-0.542354	0.180242
OUT44 IP 44	5	0.545684	0.781854	-0.542564
OUT44 IP 44	6	-1.11348	0.916477	-1.35145
OUT44 IP 44	7	0.352657	0.186529	0.300116
OUT44 IP 44	8	0.029601	-0.375099	0.19821
OUT44 IP 44	9	0.774056	-0.296809	0.269645
OUT44 IP 44	10	0.268755	-0.514226	-0.0496204
OUT44 IP 44	11	-0.239085	0.104453	-0.229545
OUT44 IP 44	12	3.2734	1.36832	3.15305
OUT44 IP 44	13	0.718345	0.00151666	0.690786
OUT44 IP 44	14	3.77442	2.31303	3.31592
OUT44 IP 44	15	0.837798	0.654376	0.980803
OUT44 IP 44	16	-0.294816	0.129216	-0.0307775
OUT44 IP 44	17	-1.26588	-0.126793	1.11956
OUT44 IP 44	18	0.229519	-0.0995194	0.0863783
OUT44 IP 44	19	-0.563245	-0.191764	0.34107
OUT44 IP 44	20	-0.199232	0.371495	-0.332488
OUT44 IP 44	21	0.313791	-0.113347	-0.177736
OUT44 IP 44	22	0.740878	1.48792	-0.510895
OUT44 IP 44	23	-0.716134	0.799211	0.66331
OUT44 IP 44	24	-2.23519	0.306399	-1.23739
OUT44 IP 44	25	-1.26506	-0.193849	0.41678
OUT44 IP 44	26	0.0723103	-0.464478	0.0804168
OUT44 IP 44	27	1.32066	-0.206808	1.16135
OUT44 IP 44	28	0.843417	-0.558211	0.420855
OUT44 IP 44	29	-0.302101	-0.194943	-0.298664
OUT44 IP 44	30	0.139573	0.365037	-0.304121
OUT44 IP 44	31	0.277982	-0.512868	0.493477
OUT44 IP 44	32	0.207463	0.308039	0.339452
OUT44 IP 44	33	1.77293	0.139465	0.76305
OUT44 IP 44	34	1.04019	0.652151	0.681652
OUT44 IP 44	35	0.146296	0.0661063	-0.0532443
OUT44 IP 44	36	-0.528938	-0.0297109	0.449268
OUT44 IP 44	37	-0.462019	-0.152282	0.285243
OUT44 IP 44	38	0.164887	0.25763	0.152968
OUT44 IP 44	39	-0.58381	-0.0186051	0.0159507
OUT44 JetStat	44	5	5	0	0
OUT44 JET 44	0	9.314	5.19409	8.40024	
OUT44 CON	44	0	12	0	0	
OUT44 CON	44	0	15	0	0	
OUT44 CON	44	0	34	0	0	
OUT44 CON	44	0	7	0	0	
OUT44 CON	44	0	14	0	0	
OUT44 JET 44	1	-4.10432	-0.69815	2.56247	
OUT44 CON	44	1	25	0	0	
OUT44 CON	44	1	19	0	0	
OUT44 CON	44	1	37	0	0	
OUT44 CON	44	1	17	0	0	
OUT44 CON	44	1	36	0	0	
OUT44 JET 44	2	-2.53251	-2.91161	-1.80049	
OUT44 CON	44	2	0	0	0	
OUT44 JET 44	3	2.67649	-1.5042	0.953352	
OUT44 CON	44	3	4	0	0	
OUT44 CON	44	3	28	0	0	
OUT44 CON	44	3	9	0	0	
OUT44 CON	44	3	18	0	0	
OUT44 JET 44	4	1.43116	2.64394	-1.34055	
OUT44 CON	44	4	30	0	0	
OUT44 CON	44	4	5	0	0	
OUT44 CON	44	4	22	0	0	
OUT44 END	44	0	0	0	0
