OUT108 START	108	0	0	0	0
OUT108 LP	108	0	1.49082	-0.174221	0.0573664
OUT108 IP 108	0	-0.466959	-0.519508	-0.240468
OUT108 IP 108	1	1.23534	-0.66721	-1.22363
OUT108 IP 108	2	0.814438	-0.934944	-0.292434
OUT108 IP 108	3	1.45573	-1.11159	-0.872956
OUT108 IP 108	4	0.790149	-0.186693	-0.807941
OUT108 IP 108	5	0.72259	-0.304978	-0.396302
OUT108 IP 108	6	-1.13674	0.501888	-0.516489
OUT108 IP 108	7	-0.243751	-0.195706	-0.25623
OUT108 IP 108	8	-0.275511	0.0850017	-0.261464
OUT108 IP 108	9	-0.574647	0.332405	0.173941
OUT108 IP 108	10	0.190597	0.368701	0.0626695
OUT108 IP 108	11	-0.381865	-0.0184469	0.0222238
OUT108 IP 108	12	-0.371176	0.605533	-0.439618
OUT108 IP 108	13	0.513643	1.31469	-1.10669
OUT108 IP 108	14	-1.03312	0.704096	1.14249
OUT108 IP 108	15	-0.291392	0.258674	0.00959446
OUT108 IP 108	16	0.272685	0.0613531	-0.0594845
OUT108 IP 108	17	1.4763	0.00148015	-0.74435
OUT108 IP 108	18	1.31044	-0.655234	-0.0966868
OUT108 IP 108	19	0.412756	0.1886	0.319182
OUT108 IP 108	20	0.122472	-0.314886	-0.307996
OUT108 IP 108	21	-0.604834	0.286838	0.169827
OUT108 IP 108	22	-0.798704	0.149806	-0.6514
OUT108 IP 108	23	0.950144	-0.455434	-0.4106
OUT108 IP 108	24	0.147022	0.376556	0.0177516
OUT108 IP 108	25	-0.491425	-0.191383	-0.325069
OUT108 IP 108	26	-0.201166	-0.178054	-0.224035
OUT108 IP 108	27	1.14702	-1.57609	-0.379625
OUT108 IP 108	28	-0.324377	0.825685	-0.0222656
OUT108 IP 108	29	0.134123	-0.353648	-0.0451497
OUT108 IP 108	30	-0.221078	0.369618	-0.365654
OUT108 IP 108	31	-0.522442	-0.693563	0.0695934
OUT108 IP 108	32	-0.127542	-0.0827692	0.0612946
OUT108 IP 108	33	0.331542	-0.180401	-0.146203
OUT108 IP 108	34	-1.03616	0.495704	0.152325
OUT108 IP 108	35	-0.187819	-0.0541272	0.0163923
OUT108 IP 108	36	-0.1842	-0.0666229	-0.0277234
OUT108 IP 108	37	0.283242	-0.295912	-0.040637
OUT108 IP 108	38	1.31412	-0.873206	-0.257501
OUT108 IP 108	39	0.891589	-0.398926	0.0599131
OUT108 IP 108	40	1.49082	-0.174221	0.0573664
OUT108 IP 108	41	0.36525	-0.124427	0.193263
OUT108 JetStat	108	1	1	0	0
OUT108 JET 108	0	8.47934	-6.50773	-2.86138	
OUT108 CON	108	0	5	0	0	
OUT108 CON	108	0	23	0	0	
OUT108 CON	108	0	33	0	0	
OUT108 CON	108	0	18	0	0	
OUT108 CON	108	0	3	0	0	
OUT108 CON	108	0	38	0	0	
OUT108 CON	108	0	37	0	0	
OUT108 CON	108	0	2	0	0	
OUT108 CON	108	0	27	0	0	
OUT108 END	108	0	0	0	0
