OUT135 START	135	0	0	0	0
OUT135 LP	135	0	-3.80519	-1.55833	0.930884
OUT135 IP 135	0	0.514362	-1.21986	-1.1951
OUT135 IP 135	1	0.482006	-0.234499	-0.0983071
OUT135 IP 135	2	0.956092	0.049819	-0.219655
OUT135 IP 135	3	1.08531	-0.165432	-0.360017
OUT135 IP 135	4	-0.108583	-0.483729	-0.21713
OUT135 IP 135	5	0.962879	-0.180624	0.366651
OUT135 IP 135	6	0.550996	-0.0170775	0.0410701
OUT135 IP 135	7	-0.935163	-0.402554	0.187474
OUT135 IP 135	8	-0.592982	0.30792	-0.0177188
OUT135 IP 135	9	-0.603647	-0.457535	-0.274049
OUT135 IP 135	10	-0.133901	0.132002	-0.0277635
OUT135 IP 135	11	0.486589	2.16128	1.14416
OUT135 IP 135	12	0.275595	1.55731	0.0972748
OUT135 IP 135	13	0.297422	1.00064	-0.94055
OUT135 IP 135	14	-1.2478	-0.463356	0.855692
OUT135 IP 135	15	-0.219082	0.256012	0.293838
OUT135 IP 135	16	-0.662319	-1.24189	-1.06887
OUT135 IP 135	17	-0.120551	-0.609047	-0.491704
OUT135 IP 135	18	-0.46983	-1.06414	-0.436282
OUT135 IP 135	19	-0.256023	-0.489086	-0.446583
OUT135 IP 135	20	-0.0973328	0.530452	0.494201
OUT135 IP 135	21	-0.0870069	-0.603676	0.18887
OUT135 IP 135	22	-0.300712	0.327926	0.0662666
OUT135 IP 135	23	0.372134	-0.52711	-0.520624
OUT135 IP 135	24	-0.0152879	0.462929	0.220357
OUT135 IP 135	25	0.19228	0.373103	0.156605
OUT135 IP 135	26	-0.22559	-0.596339	-0.306615
OUT135 IP 135	27	-0.150122	0.590566	-0.196874
OUT135 IP 135	28	0.620459	0.79302	-0.125551
OUT135 IP 135	29	1.27792	-0.617224	0.578875
OUT135 IP 135	30	-3.28847	-1.67362	0.415086
OUT135 IP 135	31	-0.917984	-0.589109	0.130767
OUT135 IP 135	32	-0.214749	-0.64339	0.207441
OUT135 IP 135	33	-1.23503	-2.78786	-0.410927
OUT135 IP 135	34	-0.945456	-0.00335668	0.437269
OUT135 IP 135	35	-0.367058	0.100273	0.209684
OUT135 IP 135	36	0.0749897	-0.245203	-0.0138771
OUT135 IP 135	37	0.273838	-0.0682923	0.165935
OUT135 IP 135	38	0.144779	0.440862	0.0660228
OUT135 IP 135	39	-0.0925863	-0.491424	0.189413
OUT135 IP 135	40	-0.021967	0.324557	0.205021
OUT135 IP 135	41	-0.324015	-0.181749	0.0168509
OUT135 IP 135	42	-0.161487	0.377922	-0.370036
OUT135 IP 135	43	0.107662	0.247444	-0.0225803
OUT135 IP 135	44	0.940684	0.162013	0.108481
OUT135 IP 135	45	0.259579	-0.102512	-0.101383
OUT135 IP 135	46	-3.80519	-1.55833	0.930884
OUT135 IP 135	47	-0.0477583	-0.167463	0.0315446
OUT135 IP 135	48	0.209571	-0.0198019	-0.0243683
OUT135 IP 135	49	0.102011	0.278662	-0.215456
OUT135 IP 135	50	-0.0885612	-0.408563	-0.0597689
OUT135 IP 135	51	-0.0184635	-0.750612	-0.162786
OUT135 IP 135	52	0.741497	-0.638272	-0.247629
OUT135 IP 135	53	0.308245	-1.1659	0.488048
OUT135 IP 135	54	0.443873	-2.19896	0.45952
OUT135 IP 135	55	0.463058	-0.237176	-0.453282
OUT135 JetStat	135	5	5	0	0
OUT135 JET 135	0	-9.28686	-4.41329	1.67842	
OUT135 CON	135	0	7	0	0	
OUT135 CON	135	0	46	0	0	
OUT135 CON	135	0	31	0	0	
OUT135 CON	135	0	30	0	0	
OUT135 CON	135	0	41	0	0	
OUT135 JET 135	1	-2.16123	-6.14572	-1.57912	
OUT135 CON	135	1	51	0	0	
OUT135 CON	135	1	4	0	0	
OUT135 CON	135	1	26	0	0	
OUT135 CON	135	1	18	0	0	
OUT135 CON	135	1	33	0	0	
OUT135 CON	135	1	50	0	0	
OUT135 JET 135	2	0.65219	-4.7713	1.3047	
OUT135 CON	135	2	39	0	0	
OUT135 CON	135	2	21	0	0	
OUT135 CON	135	2	36	0	0	
OUT135 CON	135	2	53	0	0	
OUT135 CON	135	2	54	0	0	
OUT135 JET 135	3	3.59764	-0.499226	-0.757335	
OUT135 CON	135	3	1	0	0	
OUT135 CON	135	3	6	0	0	
OUT135 CON	135	3	45	0	0	
OUT135 CON	135	3	3	0	0	
OUT135 CON	135	3	2	0	0	
OUT135 CON	135	3	48	0	0	
OUT135 JET 135	4	0.649095	3.3615	1.72354	
OUT135 CON	135	4	25	0	0	
OUT135 CON	135	4	40	0	0	
OUT135 CON	135	4	11	0	0	
OUT135 CON	135	4	24	0	0	
OUT135 END	135	0	0	0	0
