OUT27 START	27	0	0	0	0
OUT27 LP	27	0	2.08775	3.58915	1.99286
OUT27 IP 27	0	-0.20394	0.148868	0.16257
OUT27 IP 27	1	0.0217889	-0.148794	-0.00428262
OUT27 IP 27	2	0.510892	0.291917	0.0375434
OUT27 IP 27	3	-0.174454	-0.280939	0.207188
OUT27 IP 27	4	2.29363	2.92137	0.953056
OUT27 IP 27	5	0.0206524	0.66162	0.386949
OUT27 IP 27	6	2.08775	3.58915	1.99286
OUT27 IP 27	7	-0.130213	0.396104	0.0395344
OUT27 IP 27	8	1.14613	2.20686	1.56938
OUT27 IP 27	9	0.383568	0.175645	0.113771
OUT27 IP 27	10	0.712637	1.26287	0.783774
OUT27 IP 27	11	0.485433	0.0971966	-0.416994
OUT27 IP 27	12	0.60333	0.261968	-0.0261467
OUT27 IP 27	13	1.28662	1.42483	0.424547
OUT27 IP 27	14	0.369807	0.866737	-0.19206
OUT27 IP 27	15	0.239635	0.340071	-0.183322
OUT27 IP 27	16	0.0876644	0.692461	0.572868
OUT27 IP 27	17	-0.017073	0.366985	0.0557824
OUT27 JetStat	27	1	1	0	0
OUT27 JET 27	0	7.55941	11.4531	5.66755	
OUT27 CON	27	0	4	0	0	
OUT27 CON	27	0	13	0	0	
OUT27 CON	27	0	8	0	0	
OUT27 CON	27	0	6	0	0	
OUT27 CON	27	0	10	0	0	
OUT27 END	27	0	0	0	0
