OUT93 START	93	0	0	0	0
OUT93 LP	93	0	-7.94428	-3.28172	-1.69066
OUT93 IP 93	0	0.195321	-0.0666376	0.156421
OUT93 IP 93	1	0.310663	0.298717	0.147028
OUT93 IP 93	2	-0.530145	-0.526233	0.00510243
OUT93 IP 93	3	-7.94428	-3.28172	-1.69066
OUT93 IP 93	4	-0.21583	0.0937119	0.0379374
OUT93 IP 93	5	-0.662317	-0.396516	-0.318148
OUT93 IP 93	6	-0.461229	0.279397	0.0103269
OUT93 IP 93	7	-0.118745	-0.663578	-0.371309
OUT93 IP 93	8	-0.213243	-0.430405	-0.177933
OUT93 IP 93	9	0.711567	-0.175632	0.201678
OUT93 IP 93	10	-0.201053	0.381669	0.339217
OUT93 IP 93	11	0.318663	0.022228	0.248073
OUT93 IP 93	12	0.535459	-0.45515	0.167817
OUT93 IP 93	13	-0.232511	-0.198582	-0.099527
OUT93 IP 93	14	-1.18821	0.0295679	0.452795
OUT93 IP 93	15	0.306201	0.0498788	0.136073
OUT93 IP 93	16	0.0993252	0.146291	-0.0175654
OUT93 IP 93	17	0.0154761	0.198542	0.148171
OUT93 IP 93	18	-0.339816	0.349379	-0.233004
OUT93 IP 93	19	-0.379739	-0.984139	0.823755
OUT93 IP 93	20	-1.65968	-0.402894	-0.0395967
OUT93 IP 93	21	0.147885	-0.103841	-0.00102114
OUT93 IP 93	22	-0.299975	0.127443	0.0899492
OUT93 IP 93	23	-2.64974	-0.551768	-0.326293
OUT93 IP 93	24	-0.18292	-0.219528	-0.21166
OUT93 IP 93	25	0.736606	-1.03975	0.208187
OUT93 IP 93	26	0.317987	-0.1095	0.283615
OUT93 IP 93	27	-0.0810756	0.344691	-0.241933
OUT93 IP 93	28	-0.511373	0.14923	0.350281
OUT93 IP 93	29	0.913737	0.748901	1.18818
OUT93 IP 93	30	-0.0189247	-0.427129	0.256576
OUT93 IP 93	31	0.487525	-0.160845	-0.203276
OUT93 IP 93	32	-0.16913	-0.154675	-0.0260012
OUT93 IP 93	33	-0.489253	-0.326498	-0.130976
OUT93 IP 93	34	-0.122111	-0.29582	-0.19463
OUT93 IP 93	35	-0.630344	-0.098009	-0.377272
OUT93 IP 93	36	-0.173824	0.202608	0.20267
OUT93 IP 93	37	0.711208	0.871113	-0.648912
OUT93 JetStat	93	1	1	0	0
OUT93 JET 93	0	-13.9096	-5.35555	-2.62186	
OUT93 CON	93	0	32	0	0	
OUT93 CON	93	0	13	0	0	
OUT93 CON	93	0	5	0	0	
OUT93 CON	93	0	20	0	0	
OUT93 CON	93	0	23	0	0	
OUT93 CON	93	0	3	0	0	
OUT93 CON	93	0	33	0	0	
OUT93 END	93	0	0	0	0
