OUT73 START	73	0	0	0	0
OUT73 LP	73	0	4.06137	-0.108313	-0.935891
OUT73 IP 73	0	0.282622	-0.122285	-0.118855
OUT73 IP 73	1	0.531163	1.52618	-1.54426
OUT73 IP 73	2	0.797652	-0.0740676	-0.455006
OUT73 IP 73	3	-0.0180047	-0.91112	-0.522226
OUT73 IP 73	4	0.593861	-0.698534	-0.65982
OUT73 IP 73	5	0.152135	-0.35847	-0.188263
OUT73 IP 73	6	0.0398044	-0.844509	-0.316356
OUT73 IP 73	7	0.588031	-1.03676	0.423179
OUT73 IP 73	8	0.0508247	-0.2333	0.091854
OUT73 IP 73	9	0.98676	-0.0734672	-0.215468
OUT73 IP 73	10	-0.790038	0.861277	-0.412557
OUT73 IP 73	11	-0.581783	0.704418	0.650965
OUT73 IP 73	12	-0.517886	0.115996	0.118647
OUT73 IP 73	13	0.792317	1.31263	1.19167
OUT73 IP 73	14	0.684068	-0.0602479	0.54452
OUT73 IP 73	15	0.439422	-1.19902	1.15667
OUT73 IP 73	16	-0.313617	-0.535653	0.216582
OUT73 IP 73	17	-0.128042	-2.80871	2.12112
OUT73 IP 73	18	1.06018	-3.34838	3.44344
OUT73 IP 73	19	-0.596625	-0.618485	0.50078
OUT73 IP 73	20	0.292907	-0.8312	-0.0299561
OUT73 IP 73	21	0.242028	-0.42167	0.372502
OUT73 IP 73	22	-0.27303	0.735443	0.209192
OUT73 IP 73	23	0.305942	-0.221212	-0.144387
OUT73 IP 73	24	-0.302416	-0.522874	-0.191382
OUT73 IP 73	25	-0.343985	-0.442851	-0.40143
OUT73 IP 73	26	-0.358328	-1.36909	0.632619
OUT73 IP 73	27	0.517094	-0.357569	0.0690217
OUT73 IP 73	28	-0.427223	-0.119402	-0.0105177
OUT73 IP 73	29	0.883459	0.272503	0.889707
OUT73 IP 73	30	-0.694284	0.0342744	0.615918
OUT73 IP 73	31	0.0639318	-0.429356	-0.286229
OUT73 IP 73	32	0.898096	-0.30316	-0.365507
OUT73 IP 73	33	0.0421241	1.17335	0.280273
OUT73 IP 73	34	0.335016	-2.17045	-0.615501
OUT73 IP 73	35	0.0503605	-0.533707	0.0960098
OUT73 IP 73	36	-0.458548	-0.0390282	0.396635
OUT73 IP 73	37	1.52189	0.752135	-0.384762
OUT73 IP 73	38	-1.56612	0.423308	-0.561479
OUT73 IP 73	39	-1.06957	0.314131	0.526146
OUT73 IP 73	40	0.0953228	1.75438	1.62867
OUT73 IP 73	41	-0.223615	-0.339444	0.032383
OUT73 IP 73	42	0.461553	-3.79248	3.21551
OUT73 IP 73	43	-0.167135	-1.27576	0.84788
OUT73 IP 73	44	-0.389857	-0.0089144	-0.208451
OUT73 IP 73	45	-0.26198	-0.00230274	0.0923834
OUT73 IP 73	46	-0.238128	-1.76877	1.03555
OUT73 IP 73	47	0.309814	-0.733175	0.0957042
OUT73 IP 73	48	0.501619	-0.0104132	-0.0982267
OUT73 IP 73	49	4.06137	-0.108313	-0.935891
OUT73 IP 73	50	1.14589	-0.6703	0.449348
OUT73 IP 73	51	0.0238378	-0.213646	-0.183397
OUT73 IP 73	52	-0.109736	-0.238665	-0.0372051
OUT73 IP 73	53	0.143656	-0.845623	-0.58823
OUT73 IP 73	54	0.355952	-0.586096	0.122936
OUT73 IP 73	55	0.111255	-0.185008	-0.108566
OUT73 IP 73	56	0.00570771	-0.181615	-0.186304
OUT73 IP 73	57	0.0938732	0.222868	-0.0693026
OUT73 IP 73	58	0.318454	-0.300531	-0.139939
OUT73 IP 73	59	0.0336486	0.255203	0.248223
OUT73 JetStat	73	4	4	0	0
OUT73 JET 73	0	1.50232	-14.6547	11.8408	
OUT73 CON	73	0	8	0	0	
OUT73 CON	73	0	43	0	0	
OUT73 CON	73	0	46	0	0	
OUT73 CON	73	0	17	0	0	
OUT73 CON	73	0	42	0	0	
OUT73 CON	73	0	15	0	0	
OUT73 CON	73	0	18	0	0	
OUT73 JET 73	1	7.57871	-0.699791	-2.17438	
OUT73 CON	73	1	0	0	0	
OUT73 CON	73	1	32	0	0	
OUT73 CON	73	1	2	0	0	
OUT73 CON	73	1	9	0	0	
OUT73 CON	73	1	48	0	0	
OUT73 CON	73	1	49	0	0	
OUT73 JET 73	2	0.744801	-5.8015	-2.66531	
OUT73 CON	73	2	51	0	0	
OUT73 CON	73	2	5	0	0	
OUT73 CON	73	2	31	0	0	
OUT73 CON	73	2	53	0	0	
OUT73 CON	73	2	3	0	0	
OUT73 CON	73	2	6	0	0	
OUT73 CON	73	2	34	0	0	
OUT73 JET 73	3	1.61156	-3.76015	0.701466	
OUT73 CON	73	3	35	0	0	
OUT73 CON	73	3	20	0	0	
OUT73 CON	73	3	47	0	0	
OUT73 CON	73	3	7	0	0	
OUT73 CON	73	3	54	0	0	
OUT73 END	73	0	0	0	0
