OUT182 START	182	0	0	0	0
OUT182 LP	182	0	3.97878	6.83849	4.81736
OUT182 IP 182	0	-0.292253	0.826489	-0.68855
OUT182 IP 182	1	-0.645977	0.941929	-0.405407
OUT182 IP 182	2	-0.481446	-0.218047	0.137246
OUT182 IP 182	3	0.0605633	-0.171383	-0.0944294
OUT182 IP 182	4	0.405541	-1.36047	0.0362991
OUT182 IP 182	5	0.221573	0.096573	0.101576
OUT182 IP 182	6	0.691306	-0.493248	-0.614779
OUT182 IP 182	7	-0.083648	0.215702	-0.203628
OUT182 IP 182	8	1.26437	2.38042	0.762844
OUT182 IP 182	9	3.97878	6.83849	4.81736
OUT182 IP 182	10	0.0258463	0.981043	-0.0291292
OUT182 IP 182	11	0.0154071	0.605253	-0.0597092
OUT182 IP 182	12	-0.368647	1.80272	-0.857792
OUT182 IP 182	13	-0.942353	0.238434	0.282268
OUT182 IP 182	14	-1.59344	0.390521	-1.46983
OUT182 IP 182	15	0.243555	-0.0627175	0.246024
OUT182 IP 182	16	-0.207833	0.173996	0.166604
OUT182 IP 182	17	-0.339436	-2.21837	1.09518
OUT182 IP 182	18	-0.403553	-0.567241	0.26812
OUT182 IP 182	19	-0.238824	-1.46255	0.799184
OUT182 IP 182	20	-0.117436	-0.446105	0.458119
OUT182 IP 182	21	-0.623074	-2.06335	0.491575
OUT182 IP 182	22	0.634544	-0.820259	0.0585033
OUT182 IP 182	23	1.27274	-1.45232	-0.226739
OUT182 IP 182	24	0.301479	0.0511123	0.269387
OUT182 IP 182	25	-0.144091	0.194439	0.0172978
OUT182 JetStat	182	2	2	0	0
OUT182 JET 182	0	5.24389	9.22022	5.53862	
OUT182 CON	182	0	8	0	0	
OUT182 CON	182	0	9	0	0	
OUT182 JET 182	1	-1.20413	-5.7569	2.36768	
OUT182 CON	182	1	21	0	0	
OUT182 CON	182	1	17	0	0	
OUT182 CON	182	1	19	0	0	
OUT182 END	182	0	0	0	0
