OUT173 START	173	0	0	0	0
OUT173 LP	173	0	-7.50762	-5.45651	-1.75075
OUT173 IP 173	0	0.284704	-2.47022	0.549738
OUT173 IP 173	1	0.125554	-0.201538	0.183552
OUT173 IP 173	2	-1.00508	-1.66528	-0.44215
OUT173 IP 173	3	-0.97073	-1.053	0.220152
OUT173 IP 173	4	-7.50762	-5.45651	-1.75075
OUT173 IP 173	5	1.12582	-1.54837	1.85618
OUT173 IP 173	6	0.195419	0.456812	0.00600376
OUT173 IP 173	7	-0.347785	0.426636	0.402989
OUT173 IP 173	8	1.71717	-0.348485	-0.058896
OUT173 IP 173	9	0.927268	0.0547901	0.171178
OUT173 IP 173	10	0.0399312	-0.175901	-0.0808773
OUT173 IP 173	11	0.0258681	-0.661607	-0.219383
OUT173 IP 173	12	0.671091	-0.13372	-0.569297
OUT173 IP 173	13	-0.897317	0.323718	0.150559
OUT173 IP 173	14	-0.788324	0.416547	0.651426
OUT173 IP 173	15	0.0741537	-0.204165	0.0759138
OUT173 IP 173	16	0.6912	-0.132024	-0.689617
OUT173 IP 173	17	-0.0612686	-0.269623	-0.0725622
OUT173 IP 173	18	0.46551	0.345049	0.562899
OUT173 IP 173	19	0.165483	0.227445	0.0521559
OUT173 JetStat	173	1	1	0	0
OUT173 JET 173	0	-9.58149	-8.27211	-1.96751	
OUT173 CON	173	0	2	0	0	
OUT173 CON	173	0	3	0	0	
OUT173 CON	173	0	4	0	0	
OUT173 END	173	0	0	0	0
