OUT49 START	49	0	0	0	0
OUT49 LP	49	0	-3.36391	-3.06629	-0.209734
OUT49 IP 49	0	-0.389161	0.192915	0.274272
OUT49 IP 49	1	-0.727207	0.0966854	-0.7376
OUT49 IP 49	2	-3.2965	-3.14144	-0.668227
OUT49 IP 49	3	-3.36391	-3.06629	-0.209734
OUT49 IP 49	4	-2.62172	-1.39538	-1.82132
OUT49 IP 49	5	0.365189	-0.00920117	-0.302448
OUT49 IP 49	6	-0.00665078	-0.569423	0.0815406
OUT49 IP 49	7	0.504694	-1.19147	0.636991
OUT49 IP 49	8	-0.839021	0.302245	0.339232
OUT49 IP 49	9	0.57432	-0.269752	-0.225443
OUT49 IP 49	10	-0.764627	0.47964	0.470167
OUT49 IP 49	11	-0.556915	1.24919	-0.111765
OUT49 IP 49	12	-0.113923	0.293128	-0.322274
OUT49 IP 49	13	0.179052	0.492125	0.415351
OUT49 IP 49	14	-0.157129	-0.0353272	0.121246
OUT49 IP 49	15	0.112549	-1.0364	0.119008
OUT49 IP 49	16	0.380592	-1.2416	-0.317927
OUT49 IP 49	17	-0.12548	-0.269385	-0.134753
OUT49 IP 49	18	0.48216	-1.95331	0.15575
OUT49 IP 49	19	0.471954	-0.121006	-0.422179
OUT49 IP 49	20	0.174355	-0.207509	0.0616671
OUT49 IP 49	21	0.845021	-0.201059	-0.589196
OUT49 IP 49	22	0.246008	0.0781298	0.00421969
OUT49 IP 49	23	0.0167058	-0.275949	0.0874956
OUT49 IP 49	24	0.475587	-0.138973	0.253101
OUT49 IP 49	25	0.128153	0.690299	-0.377641
OUT49 IP 49	26	0.538511	-0.213768	0.0116322
OUT49 IP 49	27	-0.15719	0.203088	0.2186
OUT49 IP 49	28	0.544348	0.0914483	0.37793
OUT49 IP 49	29	-0.450144	-0.318817	-0.356405
OUT49 IP 49	30	-0.420835	-0.626625	-0.127466
OUT49 IP 49	31	-0.415249	-0.237325	-0.176822
OUT49 IP 49	32	-0.100359	-0.164308	-0.00839323
OUT49 IP 49	33	0.10929	0.171126	0.113571
OUT49 IP 49	34	-0.559563	0.326998	-0.516298
OUT49 JetStat	49	3	3	0	0
OUT49 JET 49	0	-7.62492	-7.26375	-1.18629	
OUT49 CON	49	0	31	0	0	
OUT49 CON	49	0	32	0	0	
OUT49 CON	49	0	30	0	0	
OUT49 CON	49	0	2	0	0	
OUT49 CON	49	0	3	0	0	
OUT49 JET 49	1	0.989914	-5.10385	0.126887	
OUT49 CON	49	1	16	0	0	
OUT49 CON	49	1	23	0	0	
OUT49 CON	49	1	6	0	0	
OUT49 CON	49	1	15	0	0	
OUT49 CON	49	1	18	0	0	
OUT49 JET 49	2	-3.0751	-1.71613	-2.17761	
OUT49 CON	49	2	4	0	0	
OUT49 CON	49	2	29	0	0	
OUT49 END	49	0	0	0	0
