OUT202 START	202	0	0	0	0
OUT202 LP	202	0	-4.22103	5.2037	6.13886
OUT202 IP 202	0	-0.0364641	0.441393	0.41527
OUT202 IP 202	1	-0.768101	0.999963	0.628981
OUT202 IP 202	2	-4.22103	5.2037	6.13886
OUT202 IP 202	3	0.0838762	0.147365	-0.0965346
OUT202 IP 202	4	0.149373	-0.395686	0.276609
OUT202 IP 202	5	-0.742086	0.489747	0.747862
OUT202 IP 202	6	-2.21904	3.30859	3.20147
OUT202 IP 202	7	-1.2343	-0.311877	-0.1445
OUT202 IP 202	8	-0.297273	-0.223857	-0.141566
OUT202 IP 202	9	-0.285968	-0.281191	-0.131449
OUT202 IP 202	10	-0.149348	0.111085	0.0199852
OUT202 IP 202	11	-0.168939	0.0922623	-0.169261
OUT202 IP 202	12	0.107492	0.462561	-0.362172
OUT202 IP 202	13	-0.658865	0.497592	-0.142755
OUT202 IP 202	14	-0.468198	-0.111562	0.301279
OUT202 IP 202	15	-1.33817	1.32712	-0.167887
OUT202 IP 202	16	-0.42899	0.00708195	0.0847195
OUT202 IP 202	17	-0.557767	0.170909	0.414609
OUT202 IP 202	18	-1.64346	0.576338	-0.647012
OUT202 JetStat	202	1	1	0	0
OUT202 JET 202	0	-7.98939	10.0443	10.6701	
OUT202 CON	202	0	5	0	0	
OUT202 CON	202	0	1	0	0	
OUT202 CON	202	0	2	0	0	
OUT202 CON	202	0	6	0	0	
OUT202 END	202	0	0	0	0
