OUT78 START	78	0	0	0	0
OUT78 LP	78	0	0.180872	-3.0152	1.97647
OUT78 IP 78	0	0.055735	1.21536	0.390318
OUT78 IP 78	1	0.0963898	0.563646	0.109495
OUT78 IP 78	2	-0.325373	0.323094	0.137157
OUT78 IP 78	3	-0.740414	-0.302616	-0.431609
OUT78 IP 78	4	0.445582	-0.872672	-0.288956
OUT78 IP 78	5	-0.418767	-0.0872046	-0.206568
OUT78 IP 78	6	-0.0195969	-0.530579	0.315328
OUT78 IP 78	7	-0.489892	-0.0380242	-0.206157
OUT78 IP 78	8	-0.190388	-0.735419	-0.676397
OUT78 IP 78	9	1.84861	-0.399315	-0.565147
OUT78 IP 78	10	0.0630545	-0.170269	-0.0246213
OUT78 IP 78	11	1.06527	-1.44813	-0.614229
OUT78 IP 78	12	1.83036	0.0289726	0.241415
OUT78 IP 78	13	0.426944	-1.31749	0.592933
OUT78 IP 78	14	0.180872	-3.0152	1.97647
OUT78 IP 78	15	0.215343	0.266739	0.205268
OUT78 IP 78	16	-0.506973	-1.02428	-0.211529
OUT78 IP 78	17	-0.450347	-0.212053	0.246273
OUT78 IP 78	18	-0.121018	0.281201	-0.0886908
OUT78 IP 78	19	-0.987207	-0.359932	-0.32573
OUT78 IP 78	20	-0.0497479	0.144192	-0.132919
OUT78 IP 78	21	-0.205284	-0.0555853	0.103463
OUT78 IP 78	22	0.156537	-2.19234	1.59277
OUT78 IP 78	23	0.570892	-1.39073	0.736892
OUT78 IP 78	24	-0.362371	-2.10671	1.46801
OUT78 IP 78	25	-0.018235	0.279558	0.137373
OUT78 IP 78	26	-0.242776	0.0235819	0.225143
OUT78 IP 78	27	0.137032	0.254866	0.109372
OUT78 IP 78	28	-0.143534	0.123772	-0.152283
OUT78 IP 78	29	0.031034	0.165055	0.0975694
OUT78 IP 78	30	-0.0314614	-0.238593	-0.126707
OUT78 IP 78	31	0.170451	0.234793	-0.0119112
OUT78 IP 78	32	0.204461	-0.0271799	-0.00853718
OUT78 IP 78	33	-0.0986148	-0.353945	0.148139
OUT78 IP 78	34	-0.0906036	-0.327284	0.176319
OUT78 IP 78	35	-0.233057	-0.49142	0.466649
OUT78 IP 78	36	0.161802	0.108193	0.00976532
OUT78 IP 78	37	-0.609718	0.545581	-0.577322
OUT78 JetStat	78	1	1	0	0
OUT78 JET 78	0	0.781362	-11.4558	6.97764	
OUT78 CON	78	0	23	0	0	
OUT78 CON	78	0	13	0	0	
OUT78 CON	78	0	33	0	0	
OUT78 CON	78	0	34	0	0	
OUT78 CON	78	0	24	0	0	
OUT78 CON	78	0	6	0	0	
OUT78 CON	78	0	14	0	0	
OUT78 CON	78	0	22	0	0	
OUT78 END	78	0	0	0	0
