OUT2 START	2	0	0	0	0
OUT2 LP	2	0	-4.17216	7.06174	7.00667
OUT2 IP 2	0	-0.0193274	0.661689	-0.111282
OUT2 IP 2	1	-1.65373	0.618482	-0.369071
OUT2 IP 2	2	-0.424058	0.368167	-0.21131
OUT2 IP 2	3	-0.0761449	-0.786595	0.499157
OUT2 IP 2	4	0.67754	-0.6978	-0.936144
OUT2 IP 2	5	0.410621	0.0228448	0.223675
OUT2 IP 2	6	0.158444	0.121761	0.12613
OUT2 IP 2	7	-0.342009	-0.580269	-0.105701
OUT2 IP 2	8	-0.209465	0.251895	-0.169267
OUT2 IP 2	9	-0.6385	0.141444	0.0838759
OUT2 IP 2	10	0.0137837	-0.334481	0.21002
OUT2 IP 2	11	-0.892468	0.456728	0.104719
OUT2 IP 2	12	-0.228595	-0.417357	0.0854975
OUT2 IP 2	13	-0.568864	-0.274336	-0.0682546
OUT2 IP 2	14	-0.285024	-0.0289528	-0.0399554
OUT2 IP 2	15	-0.0759824	-0.465809	0.312847
OUT2 IP 2	16	0.283298	-0.310425	0.116705
OUT2 IP 2	17	-0.42552	0.452668	-0.189015
OUT2 IP 2	18	-4.17216	7.06174	7.00667
OUT2 IP 2	19	-1.63436	3.69097	2.69959
OUT2 IP 2	20	-0.172071	0.0909037	-0.0229104
OUT2 IP 2	21	-0.371029	-0.132003	0.137493
OUT2 IP 2	22	0.0486799	0.364163	-0.215536
OUT2 IP 2	23	0.124212	0.151326	-0.175229
OUT2 IP 2	24	-0.156543	0.00786244	-0.021445
OUT2 IP 2	25	0.251594	0.0521182	-0.113282
OUT2 IP 2	26	-1.36436	-2.47755	0.697451
OUT2 IP 2	27	-1.41528	-1.40476	0.879342
OUT2 JetStat	2	3	3	0	0
OUT2 JET 2	0	-5.81507	10.7691	9.68357	
OUT2 CON	2	0	18	0	0	
OUT2 CON	2	0	19	0	0	
OUT2 JET 2	1	-3.03835	-4.34059	1.65447	
OUT2 CON	2	1	27	0	0	
OUT2 CON	2	1	12	0	0	
OUT2 CON	2	1	26	0	0	
OUT2 JET 2	2	-3.53416	1.32243	-0.222623	
OUT2 CON	2	2	24	0	0	
OUT2 CON	2	2	9	0	0	
OUT2 CON	2	2	11	0	0	
OUT2 CON	2	2	1	0	0	
OUT2 CON	2	2	20	0	0	
OUT2 END	2	0	0	0	0
