OUT97 START	97	0	0	0	0
OUT97 LP	97	0	-0.0695387	-3.37236	-1.13218
OUT97 IP 97	0	-1.61821	0.220957	0.540359
OUT97 IP 97	1	0.0926248	-0.394172	-0.116021
OUT97 IP 97	2	0.131282	0.136308	-0.00560779
OUT97 IP 97	3	-0.16317	0.13956	0.211965
OUT97 IP 97	4	-0.158139	0.114824	0.00155155
OUT97 IP 97	5	-1.40279	1.8836	0.873747
OUT97 IP 97	6	-0.563398	0.236328	0.0260035
OUT97 IP 97	7	0.00672041	0.457191	-0.00452601
OUT97 IP 97	8	-0.101531	-0.649134	-0.0486612
OUT97 IP 97	9	0.024374	0.172439	0.00502703
OUT97 IP 97	10	0.675632	0.129632	-0.239633
OUT97 IP 97	11	1.23062	0.423126	-1.24371
OUT97 IP 97	12	0.628361	0.40385	-0.238275
OUT97 IP 97	13	-0.210043	-0.321715	-0.328726
OUT97 IP 97	14	0.000101823	0.458926	-0.361297
OUT97 IP 97	15	0.65191	0.897223	0.156731
OUT97 IP 97	16	0.794233	0.646063	0.286319
OUT97 IP 97	17	-0.0535969	0.521543	0.403706
OUT97 IP 97	18	0.91765	-0.207283	0.505292
OUT97 IP 97	19	0.203533	-0.206967	-0.196474
OUT97 IP 97	20	0.477621	-0.118802	-0.399372
OUT97 IP 97	21	0.36565	-0.755349	-0.850641
OUT97 IP 97	22	-0.0695387	-3.37236	-1.13218
OUT97 IP 97	23	0.371525	-2.11575	-1.36602
OUT97 IP 97	24	0.3171	-2.34798	-0.91517
OUT97 IP 97	25	-0.382674	-2.08669	-1.23232
OUT97 IP 97	26	-0.431661	-0.261003	0.371635
OUT97 IP 97	27	-0.401348	0.133111	0.107192
OUT97 IP 97	28	0.0559656	0.195435	0.178135
OUT97 IP 97	29	-0.148071	0.882123	-0.742821
OUT97 IP 97	30	0.253203	0.380194	-0.43547
OUT97 IP 97	31	0.824052	-0.405455	-0.243133
OUT97 IP 97	32	1.14567	-0.0337072	0.395873
OUT97 IP 97	33	0.108576	-0.245657	-0.0768512
OUT97 IP 97	34	1.67315	-0.275546	-1.28779
OUT97 IP 97	35	0.311869	0.125604	0.201399
OUT97 IP 97	36	0.704555	0.247556	0.544408
OUT97 IP 97	37	-0.672981	0.177933	-0.310048
OUT97 IP 97	38	0.408011	-0.0582283	-0.0953607
OUT97 IP 97	39	-0.262586	0.0506113	-0.0538356
OUT97 IP 97	40	-0.0827595	0.232706	-0.132259
OUT97 IP 97	41	0.283731	-0.0419927	0.216747
OUT97 IP 97	42	-0.177955	-0.359398	0.00474154
OUT97 IP 97	43	0.021285	-0.676505	0.459609
OUT97 IP 97	44	-0.344456	-1.50486	0.213687
OUT97 IP 97	45	-0.771927	-0.49107	0.00709262
OUT97 IP 97	46	0.143411	-0.154278	0.201638
OUT97 IP 97	47	-1.08749	-0.0154737	-0.745854
OUT97 IP 97	48	0.157726	0.546493	0.0657952
OUT97 IP 97	49	-0.00281841	-0.343427	-0.0483437
OUT97 IP 97	50	-0.473806	0.0490562	-0.263574
OUT97 IP 97	51	-0.269895	0.123624	-0.0695758
OUT97 IP 97	52	-0.305818	0.212233	0.202948
OUT97 IP 97	53	-0.567401	0.491972	-0.425131
OUT97 IP 97	54	0.7266	0.0593747	0.283656
OUT97 IP 97	55	0.175373	-0.0219875	0.103752
OUT97 IP 97	56	2.62104	-0.534493	1.91775
OUT97 IP 97	57	0.61363	-0.330884	0.48983
OUT97 IP 97	58	1.80244	-0.00765301	1.2115
OUT97 IP 97	59	-0.227621	0.733388	-0.472374
OUT97 IP 97	60	-0.343311	0.998604	-0.333741
OUT97 IP 97	61	-0.444445	-0.369798	-0.434529
OUT97 JetStat	97	3	3	0	0
OUT97 JET 97	0	0.327716	-10.7553	-4.77177	
OUT97 CON	97	0	25	0	0	
OUT97 CON	97	0	23	0	0	
OUT97 CON	97	0	49	0	0	
OUT97 CON	97	0	1	0	0	
OUT97 CON	97	0	22	0	0	
OUT97 CON	97	0	24	0	0	
OUT97 JET 97	1	7.71644	-0.791845	4.59965	
OUT97 CON	97	1	54	0	0	
OUT97 CON	97	1	32	0	0	
OUT97 CON	97	1	58	0	0	
OUT97 CON	97	1	18	0	0	
OUT97 CON	97	1	55	0	0	
OUT97 CON	97	1	41	0	0	
OUT97 CON	97	1	56	0	0	
OUT97 JET 97	2	-0.806165	3.32799	-2.01051	
OUT97 CON	97	2	60	0	0	
OUT97 CON	97	2	40	0	0	
OUT97 CON	97	2	59	0	0	
OUT97 CON	97	2	14	0	0	
OUT97 CON	97	2	29	0	0	
OUT97 END	97	0	0	0	0
