OUT51 START	51	0	0	0	0
OUT51 LP	51	0	0.29008	-3.65055	-0.682496
OUT51 IP 51	0	-2.24421	1.18215	-1.43032
OUT51 IP 51	1	0.0018449	0.414142	-0.178582
OUT51 IP 51	2	0.00147292	-0.619785	0.449169
OUT51 IP 51	3	1.35254	-0.269259	-0.070028
OUT51 IP 51	4	0.38497	-0.778524	0.590608
OUT51 IP 51	5	-1.11404	-0.512889	0.393867
OUT51 IP 51	6	-0.226604	0.618143	0.49491
OUT51 IP 51	7	0.500406	0.455049	-0.278497
OUT51 IP 51	8	-0.347045	-0.209864	0.198306
OUT51 IP 51	9	-0.51948	-0.845757	0.479625
OUT51 IP 51	10	-2.422	-0.660726	1.38562
OUT51 IP 51	11	0.0471268	2.03311	0.266471
OUT51 IP 51	12	0.0114275	0.579085	0.188683
OUT51 IP 51	13	-0.588785	1.27026	-0.0835032
OUT51 IP 51	14	0.147176	0.459153	-0.279855
OUT51 IP 51	15	0.272761	1.22095	-0.885376
OUT51 IP 51	16	-0.167667	0.027762	-0.0387361
OUT51 IP 51	17	0.659487	0.166491	-0.180284
OUT51 IP 51	18	0.490939	-0.497109	-0.526134
OUT51 IP 51	19	0.29008	-3.65055	-0.682496
OUT51 IP 51	20	0.465671	-1.18443	-0.353944
OUT51 IP 51	21	0.628169	-0.380425	0.0198681
OUT51 IP 51	22	-0.164503	0.121162	-0.0157573
OUT51 IP 51	23	-0.842617	0.681099	-0.209547
OUT51 IP 51	24	-0.584341	0.0518159	0.186838
OUT51 IP 51	25	-0.191397	0.028599	0.149744
OUT51 IP 51	26	0.0914632	-0.857348	0.335117
OUT51 IP 51	27	-0.33452	1.38041	-0.042976
OUT51 IP 51	28	-0.823352	2.37821	0.903569
OUT51 IP 51	29	-0.282109	1.91357	0.201279
OUT51 IP 51	30	0.0553142	0.192784	0.117288
OUT51 IP 51	31	-0.383753	-0.120662	-0.0106561
OUT51 IP 51	32	0.017458	0.18024	-0.0656615
OUT51 IP 51	33	-1.17578	-0.210221	0.495043
OUT51 IP 51	34	0.0500241	0.254965	-0.028943
OUT51 IP 51	35	-0.311711	0.4196	0.0671204
OUT51 IP 51	36	-0.234609	0.283301	-0.320176
OUT51 IP 51	37	-0.054178	0.222764	-0.224628
OUT51 IP 51	38	0.0168461	0.16477	0.0272237
OUT51 JetStat	51	3	3	0	0
OUT51 JET 51	0	-1.97884	9.85314	1.44292	
OUT51 CON	51	0	13	0	0	
OUT51 CON	51	0	28	0	0	
OUT51 CON	51	0	27	0	0	
OUT51 CON	51	0	12	0	0	
OUT51 CON	51	0	29	0	0	
OUT51 CON	51	0	11	0	0	
OUT51 CON	51	0	38	0	0	
OUT51 JET 51	1	-5.09005	-1.60445	2.46393	
OUT51 CON	51	1	8	0	0	
OUT51 CON	51	1	5	0	0	
OUT51 CON	51	1	10	0	0	
OUT51 CON	51	1	33	0	0	
OUT51 JET 51	2	0.764042	-4.87524	-1.03559	
OUT51 CON	51	2	19	0	0	
OUT51 CON	51	2	20	0	0	
OUT51 END	51	0	0	0	0
