OUT87 START	87	0	0	0	0
OUT87 LP	87	0	-1.43822	3.92561	-2.77635
OUT87 IP 87	0	-0.0230837	0.681994	0.285187
OUT87 IP 87	1	-0.0268318	0.549097	-0.156591
OUT87 IP 87	2	0.494126	1.2104	-0.467576
OUT87 IP 87	3	-0.41075	-0.0969885	-0.0685304
OUT87 IP 87	4	-0.0113648	2.38125	-1.38447
OUT87 IP 87	5	-0.768867	0.440729	-0.188995
OUT87 IP 87	6	-1.43822	3.92561	-2.77635
OUT87 IP 87	7	-0.371546	2.21725	-1.40249
OUT87 IP 87	8	0.821712	0.17567	0.616388
OUT87 IP 87	9	0.184822	0.248502	0.294828
OUT87 IP 87	10	-0.151876	0.540636	-0.430462
OUT87 IP 87	11	-0.48256	-0.19929	-0.0614797
OUT87 IP 87	12	0.596615	0.0716813	-0.0944881
OUT87 IP 87	13	-0.171387	-0.0698708	-0.0124898
OUT87 IP 87	14	0.333447	0.0553585	0.164446
OUT87 IP 87	15	-0.175661	0.176046	0.160021
OUT87 IP 87	16	-0.194141	0.739807	0.0805553
OUT87 IP 87	17	-0.127623	3.25345	-2.3768
OUT87 IP 87	18	0.229253	0.0290492	0.171851
OUT87 IP 87	19	-0.274539	-0.462923	0.33306
OUT87 IP 87	20	0.356114	-0.0925315	-0.168084
OUT87 IP 87	21	-0.584764	-0.0374298	-0.413266
OUT87 IP 87	22	-0.329574	0.0777109	-0.0880223
OUT87 IP 87	23	-0.230618	0.027459	0.131527
OUT87 IP 87	24	0.144857	-0.220894	0.270649
OUT87 IP 87	25	0.501465	-0.410288	0.208146
OUT87 IP 87	26	0.436132	-0.166149	-0.141093
OUT87 IP 87	27	0.216915	-0.314196	0.0334703
OUT87 IP 87	28	-0.581997	-0.218672	0.044087
OUT87 IP 87	29	0.0711182	0.151382	0.139428
OUT87 IP 87	30	-0.177659	0.0153137	-0.0927112
OUT87 JetStat	87	1	1	0	0
OUT87 JET 87	0	-2.15145	13.0007	-8.50193	
OUT87 CON	87	0	1	0	0	
OUT87 CON	87	0	4	0	0	
OUT87 CON	87	0	17	0	0	
OUT87 CON	87	0	7	0	0	
OUT87 CON	87	0	6	0	0	
OUT87 CON	87	0	10	0	0	
OUT87 END	87	0	0	0	0
