OUT174 START	174	0	0	0	0
OUT174 LP	174	0	2.46292	-3.79943	-2.82221
OUT174 IP 174	0	-0.0370441	0.209294	-0.0173471
OUT174 IP 174	1	-0.280563	0.274278	0.0599184
OUT174 IP 174	2	0.0887353	0.246127	-0.0455618
OUT174 IP 174	3	-0.228079	-0.0557693	-0.200266
OUT174 IP 174	4	0.0967587	-1.03222	-0.436283
OUT174 IP 174	5	0.573431	-0.822123	-0.876456
OUT174 IP 174	6	0.269672	-1.07009	-0.64923
OUT174 IP 174	7	-0.479638	0.528706	-0.522961
OUT174 IP 174	8	0.603148	-0.265037	-0.238716
OUT174 IP 174	9	-0.301548	1.12915	-0.562162
OUT174 IP 174	10	-0.677739	1.03471	-0.915796
OUT174 IP 174	11	0.297142	-0.722378	-0.692024
OUT174 IP 174	12	0.833673	-0.148096	-0.312397
OUT174 IP 174	13	-0.136189	-0.43204	0.163021
OUT174 IP 174	14	-0.324648	0.126327	0.20337
OUT174 IP 174	15	-0.550767	0.012013	0.294529
OUT174 IP 174	16	0.251457	0.183555	0.0747733
OUT174 IP 174	17	0.529334	0.0437351	0.26218
OUT174 IP 174	18	-0.136313	-0.215663	-0.148524
OUT174 IP 174	19	0.0520713	-0.649287	0.583005
OUT174 IP 174	20	2.46292	-3.79943	-2.82221
OUT174 IP 174	21	0.32398	-1.84823	-1.26758
OUT174 IP 174	22	0.620965	-0.805901	-0.987677
OUT174 IP 174	23	-0.607063	-1.1992	-1.22
OUT174 IP 174	24	-0.204165	0.48355	0.0922807
OUT174 IP 174	25	0.252235	-0.192044	0.158264
OUT174 IP 174	26	-0.77546	-0.167093	0.796124
OUT174 IP 174	27	0.0337981	-0.274772	-0.153435
OUT174 IP 174	28	0.51216	-0.903004	-1.03136
OUT174 IP 174	29	-0.0276616	0.208809	0.183641
OUT174 JetStat	174	1	1	0	0
OUT174 JET 174	0	5.16746	-10.4119	-8.41903	
OUT174 CON	174	0	27	0	0	
OUT174 CON	174	0	21	0	0	
OUT174 CON	174	0	6	0	0	
OUT174 CON	174	0	11	0	0	
OUT174 CON	174	0	28	0	0	
OUT174 CON	174	0	22	0	0	
OUT174 CON	174	0	5	0	0	
OUT174 CON	174	0	20	0	0	
OUT174 END	174	0	0	0	0
