OUT243 START	243	0	0	0	0
OUT243 LP	243	0	-0.130836	-3.37172	0.258392
OUT243 IP 243	0	-0.766147	0.920731	0.555095
OUT243 IP 243	1	0.116787	-0.136341	0.135253
OUT243 IP 243	2	0.198989	0.201079	-0.29037
OUT243 IP 243	3	-0.0438404	-0.377997	-0.106079
OUT243 IP 243	4	1.47303	1.53611	-1.42493
OUT243 IP 243	5	0.285465	-1.8061	0.778347
OUT243 IP 243	6	-0.130836	-3.37172	0.258392
OUT243 IP 243	7	0.593605	-1.80591	-0.326287
OUT243 IP 243	8	0.357833	-1.49015	-0.265891
OUT243 IP 243	9	-1.20712	-0.314324	0.298347
OUT243 IP 243	10	-2.01557	1.02393	0.240635
OUT243 IP 243	11	-0.424859	-0.107781	0.111821
OUT243 IP 243	12	-1.04785	-0.0393051	0.63528
OUT243 IP 243	13	-0.40364	0.764856	0.672423
OUT243 IP 243	14	-0.381813	-0.760139	0.830541
OUT243 IP 243	15	-0.305792	-0.0520487	-0.128599
OUT243 IP 243	16	0.183398	-0.0140228	-0.184446
OUT243 IP 243	17	0.395602	-0.0670082	0.243941
OUT243 IP 243	18	0.739542	0.728524	-0.581181
OUT243 IP 243	19	0.0123366	-2.14385	1.57941
OUT243 IP 243	20	-0.227743	-2.19379	-0.0287744
OUT243 IP 243	21	-0.136153	-2.03897	-0.562673
OUT243 IP 243	22	-0.112939	-0.160734	-0.0127715
OUT243 IP 243	23	-0.723575	0.271057	-0.110715
OUT243 IP 243	24	0.0824512	0.229261	0.10763
OUT243 IP 243	25	-0.353168	0.180361	0.173752
OUT243 IP 243	26	-0.280001	-0.226505	-0.0248066
OUT243 IP 243	27	-0.0685676	-0.24385	-0.198358
OUT243 IP 243	28	-0.183219	-0.194849	-0.229955
OUT243 IP 243	29	-0.407122	-0.140143	-0.261866
OUT243 JetStat	243	4	4	0	0
OUT243 JET 243	0	0.425561	-11.4294	-1.02182	
OUT243 CON	243	0	7	0	0	
OUT243 CON	243	0	8	0	0	
OUT243 CON	243	0	3	0	0	
OUT243 CON	243	0	21	0	0	
OUT243 CON	243	0	6	0	0	
OUT243 CON	243	0	20	0	0	
OUT243 JET 243	1	0.298692	-3.96116	2.33706	
OUT243 CON	243	1	5	0	0	
OUT243 CON	243	1	19	0	0	
OUT243 JET 243	2	2.41176	2.46591	-2.28543	
OUT243 CON	243	2	2	0	0	
OUT243 CON	243	2	4	0	0	
OUT243 CON	243	2	18	0	0	
OUT243 JET 243	3	-3.09573	1.47689	0.298844	
OUT243 CON	243	3	25	0	0	
OUT243 CON	243	3	10	0	0	
OUT243 CON	243	3	23	0	0	
OUT243 END	243	0	0	0	0
