OUT7 START	7	0	0	0	0
OUT7 LP	7	0	-4.31943	3.31508	-1.88761
OUT7 IP 7	0	-0.000834905	0.665056	-0.0224576
OUT7 IP 7	1	-0.534413	-0.0690272	-0.25716
OUT7 IP 7	2	0.0466879	-0.424834	0.19287
OUT7 IP 7	3	-3.72619	2.21348	-1.04178
OUT7 IP 7	4	-4.31943	3.31508	-1.88761
OUT7 IP 7	5	-0.480682	-0.588315	0.125872
OUT7 IP 7	6	-0.499233	-1.0943	-0.189216
OUT7 IP 7	7	1.75282	-0.184019	0.562613
OUT7 IP 7	8	0.58035	-0.379192	-0.469441
OUT7 IP 7	9	0.0676655	0.579988	-0.192651
OUT7 IP 7	10	0.333831	-0.229261	0.093542
OUT7 IP 7	11	-0.42404	0.172386	-0.0818834
OUT7 IP 7	12	-0.239416	0.445993	-0.343101
OUT7 IP 7	13	-0.240687	0.466365	-0.239029
OUT7 IP 7	14	0.0304553	-0.200459	0.033728
OUT7 IP 7	15	-0.71903	0.0662618	-0.35528
OUT7 IP 7	16	-1.11549	0.724164	-0.42461
OUT7 IP 7	17	-1.60554	0.189728	-0.780114
OUT7 IP 7	18	-1.25698	0.474999	-1.00712
OUT7 IP 7	19	-0.132191	-0.130808	0.0300942
OUT7 IP 7	20	0.380147	-0.131628	0.388412
OUT7 IP 7	21	0.630092	-0.858157	0.481516
OUT7 IP 7	22	0.16848	0.429463	0.392415
OUT7 IP 7	23	1.33425	1.61415	-0.0981766
OUT7 IP 7	24	-0.255694	0.204669	-0.137644
OUT7 IP 7	25	0.0600581	0.412408	-0.130379
OUT7 IP 7	26	-0.263294	0.550334	0.140082
OUT7 IP 7	27	0.192295	0.103687	0.0688689
OUT7 JetStat	7	2	2	0	0
OUT7 JET 7	0	-9.86472	6.64519	-3.56822	
OUT7 CON	7	0	11	0	0	
OUT7 CON	7	0	3	0	0	
OUT7 CON	7	0	16	0	0	
OUT7 CON	7	0	4	0	0	
OUT7 CON	7	0	24	0	0	
OUT7 JET 7	1	-4.16788	0.669952	-2.38569	
OUT7 CON	7	1	18	0	0	
OUT7 CON	7	1	1	0	0	
OUT7 CON	7	1	15	0	0	
OUT7 CON	7	1	17	0	0	
OUT7 END	7	0	0	0	0
