OUT284 START	284	0	0	0	0
OUT284 LP	284	0	4.06279	2.22082	0.335104
OUT284 IP 284	0	0.771268	-0.68886	0.240077
OUT284 IP 284	1	1.33553	0.0183588	-0.129217
OUT284 IP 284	2	0.228127	-0.102539	0.0983036
OUT284 IP 284	3	0.411149	0.482698	-0.381317
OUT284 IP 284	4	0.817438	0.338644	-0.307029
OUT284 IP 284	5	0.829996	0.730319	-0.00612621
OUT284 IP 284	6	2.21175	1.27737	0.200884
OUT284 IP 284	7	0.104877	-0.282241	-0.279117
OUT284 IP 284	8	0.482251	-0.139304	-0.0169274
OUT284 IP 284	9	0.94074	-0.34029	-0.969104
OUT284 IP 284	10	0.82974	-0.196435	-0.651814
OUT284 IP 284	11	-1.86347	-0.526452	-1.80742
OUT284 IP 284	12	-0.574663	-1.03661	0.290961
OUT284 IP 284	13	-2.11349	0.179661	0.0878187
OUT284 IP 284	14	-0.100309	1.74755	-1.2321
OUT284 IP 284	15	0.207471	0.0221634	-0.0921476
OUT284 IP 284	16	4.06279	2.22082	0.335104
OUT284 IP 284	17	0.329993	-0.0733137	0.0974384
OUT284 IP 284	18	-0.208416	-0.0772119	0.0390405
OUT284 IP 284	19	-0.402387	-0.0233555	-0.238994
OUT284 IP 284	20	0.149772	0.478984	0.337818
OUT284 IP 284	21	0.091348	0.41713	-0.433069
OUT284 IP 284	22	0.685646	-0.212037	-0.416557
OUT284 IP 284	23	-1.39182	-0.261791	-0.337676
OUT284 IP 284	24	-0.181633	-0.321684	-0.117923
OUT284 IP 284	25	-0.246527	-0.111686	-0.110016
OUT284 IP 284	26	-0.157519	0.292905	-0.203653
OUT284 IP 284	27	-0.0817332	-0.483391	-0.185381
OUT284 IP 284	28	-0.427804	-0.293248	-0.0873651
OUT284 IP 284	29	0.240871	-0.0842692	0.139386
OUT284 IP 284	30	0.359557	-0.594782	-0.0310617
OUT284 IP 284	31	0.550705	-0.254823	-0.451493
OUT284 IP 284	32	0.867007	-0.697404	-0.380507
OUT284 IP 284	33	0.980986	-1.43108	-0.388416
OUT284 IP 284	34	1.92443	0.519884	0.497892
OUT284 IP 284	35	1.16324	1.05805	0.297814
OUT284 JetStat	284	4	4	0	0
OUT284 JET 284	0	10.3018	5.86765	1.321	
OUT284 CON	284	0	34	0	0	
OUT284 CON	284	0	35	0	0	
OUT284 CON	284	0	5	0	0	
OUT284 CON	284	0	6	0	0	
OUT284 CON	284	0	16	0	0	
OUT284 JET 284	1	2.23194	-2.75126	-0.796307	
OUT284 CON	284	1	32	0	0	
OUT284 CON	284	1	30	0	0	
OUT284 CON	284	1	33	0	0	
OUT284 JET 284	2	-3.53636	-0.0834212	-0.246962	
OUT284 CON	284	2	13	0	0	
OUT284 CON	284	2	23	0	0	
OUT284 JET 284	3	3.01409	-1.00605	-2.47327	
OUT284 CON	284	3	22	0	0	
OUT284 CON	284	3	10	0	0	
OUT284 CON	284	3	9	0	0	
OUT284 CON	284	3	31	0	0	
OUT284 END	284	0	0	0	0
