OUT112 START	112	0	0	0	0
OUT112 LP	112	0	2.43706	-5.06593	4.77269
OUT112 IP 112	0	0.127054	-0.101906	-0.145993
OUT112 IP 112	1	2.43706	-5.06593	4.77269
OUT112 IP 112	2	-0.664193	0.956858	0.0122942
OUT112 IP 112	3	-0.250789	-0.361811	0.428949
OUT112 IP 112	4	1.12053	0.379593	-0.241664
OUT112 IP 112	5	-0.921912	1.07978	0.316767
OUT112 IP 112	6	-0.704764	0.0182335	-0.234045
OUT112 IP 112	7	0.198672	-0.14792	-0.101976
OUT112 IP 112	8	0.513037	0.531054	0.194192
OUT112 IP 112	9	0.535474	-2.62877	1.40088
OUT112 IP 112	10	1.05489	-0.903942	0.146299
OUT112 IP 112	11	0.0581525	-0.155022	-0.166476
OUT112 IP 112	12	-0.0568007	0.318476	0.230345
OUT112 IP 112	13	-0.767232	-0.0562374	0.553441
OUT112 IP 112	14	-1.08968	0.374671	-0.391519
OUT112 IP 112	15	-0.00851464	-0.366163	0.0656065
OUT112 IP 112	16	-0.636746	0.0482652	-0.405142
OUT112 IP 112	17	0.306466	-0.18806	0.177508
OUT112 IP 112	18	0.394086	0.404326	0.420732
OUT112 IP 112	19	-0.275083	-0.164782	-0.203371
OUT112 IP 112	20	-0.00202453	-1.28249	1.09845
OUT112 IP 112	21	-0.128655	0.241702	0.0947649
OUT112 IP 112	22	0.224608	-0.0129898	-0.119836
OUT112 IP 112	23	0.0833012	-0.452922	-0.198243
OUT112 IP 112	24	0.275723	-0.278488	-0.124901
OUT112 IP 112	25	0.279629	-0.68311	0.394589
OUT112 IP 112	26	1.47401	-2.33097	1.16339
OUT112 IP 112	27	0.124643	-0.852981	-0.0106478
OUT112 IP 112	28	0.192596	-0.169152	0.0310662
OUT112 IP 112	29	0.0973845	0.293024	-0.16801
OUT112 JetStat	112	1	1	0	0
OUT112 JET 112	0	4.76193	-10.797	7.63664	
OUT112 CON	112	0	26	0	0	
OUT112 CON	112	0	9	0	0	
OUT112 CON	112	0	1	0	0	
OUT112 CON	112	0	25	0	0	
OUT112 END	112	0	0	0	0
