OUT280 START	280	0	0	0	0
OUT280 LP	280	0	-4.92998	-3.14645	-2.22207
OUT280 IP 280	0	-0.196978	1.8417	-0.596271
OUT280 IP 280	1	-1.77452	-0.519279	-0.288078
OUT280 IP 280	2	-4.92998	-3.14645	-2.22207
OUT280 IP 280	3	-0.606637	-1.05139	-0.173528
OUT280 IP 280	4	-1.27305	-0.838719	-0.636416
OUT280 IP 280	5	0.464975	0.40363	0.0662921
OUT280 IP 280	6	-0.268453	-0.0164673	0.180114
OUT280 IP 280	7	0.668243	0.0320963	0.483471
OUT280 IP 280	8	-0.692855	0.341346	0.102712
OUT280 IP 280	9	-0.642748	0.18802	0.601628
OUT280 IP 280	10	-0.601548	0.0159183	0.503921
OUT280 IP 280	11	-0.519795	-0.539984	0.484608
OUT280 IP 280	12	0.125988	0.126982	0.165672
OUT280 IP 280	13	0.509212	-0.441113	-0.265652
OUT280 IP 280	14	-0.368208	-0.159289	-0.0226498
OUT280 IP 280	15	-0.653322	-0.228157	-0.257572
OUT280 JetStat	280	1	1	0	0
OUT280 JET 280	0	-9.06412	-4.9238	-3.41192	
OUT280 CON	280	0	14	0	0	
OUT280 CON	280	0	1	0	0	
OUT280 CON	280	0	15	0	0	
OUT280 CON	280	0	2	0	0	
OUT280 CON	280	0	4	0	0	
OUT280 END	280	0	0	0	0
