OUT120 START	120	0	0	0	0
OUT120 LP	120	0	0.289039	-3.42993	-1.93914
OUT120 IP 120	0	-0.270507	0.391497	-0.181767
OUT120 IP 120	1	0.266953	0.22775	-0.147648
OUT120 IP 120	2	-0.333027	-0.928248	0.757559
OUT120 IP 120	3	0.22451	-0.623176	-0.183912
OUT120 IP 120	4	0.15912	-0.4477	0.114912
OUT120 IP 120	5	-0.0661417	-1.04139	0.289083
OUT120 IP 120	6	0.127027	0.67718	0.0349809
OUT120 IP 120	7	0.208536	0.37521	0.360724
OUT120 IP 120	8	1.2301	-0.957596	-1.22698
OUT120 IP 120	9	0.631839	-3.34593	-1.4375
OUT120 IP 120	10	0.208783	-0.599754	-0.0627118
OUT120 IP 120	11	-0.775294	0.342402	-0.575142
OUT120 IP 120	12	-0.24475	-1.30427	1.19761
OUT120 IP 120	13	-0.371765	-0.596589	-0.423257
OUT120 IP 120	14	-0.228259	-0.104039	0.210459
OUT120 IP 120	15	0.547524	0.211834	0.562306
OUT120 IP 120	16	0.61155	0.0725337	0.0448092
OUT120 IP 120	17	-0.108064	0.17682	0.138182
OUT120 IP 120	18	-0.0574311	-0.148647	-0.135084
OUT120 IP 120	19	-0.640003	0.130164	0.2994
OUT120 IP 120	20	0.857215	-3.14063	-1.29688
OUT120 IP 120	21	0.0362047	0.361523	0.103905
OUT120 IP 120	22	-0.0574522	-0.201084	0.127215
OUT120 IP 120	23	-0.0218954	-0.222817	0.0428051
OUT120 IP 120	24	0.154463	-0.734541	0.00824776
OUT120 IP 120	25	0.289039	-3.42993	-1.93914
OUT120 IP 120	26	0.460422	-0.271412	-0.506605
OUT120 IP 120	27	-0.406902	0.544297	0.154446
OUT120 JetStat	120	1	1	0	0
OUT120 JET 120	0	2.21986	-11.1819	-4.89505	
OUT120 CON	120	0	10	0	0	
OUT120 CON	120	0	25	0	0	
OUT120 CON	120	0	3	0	0	
OUT120 CON	120	0	9	0	0	
OUT120 CON	120	0	20	0	0	
OUT120 END	120	0	0	0	0
