OUT179 START	179	0	0	0	0
OUT179 LP	179	0	3.51836	3.58498	1.76235
OUT179 IP 179	0	-0.833369	-1.01255	-0.206075
OUT179 IP 179	1	3.51836	3.58498	1.76235
OUT179 IP 179	2	2.92991	3.21611	1.03619
OUT179 IP 179	3	0.542483	-0.109082	0.552514
OUT179 IP 179	4	2.46094	1.69324	0.406413
OUT179 IP 179	5	0.150057	0.108727	-0.181995
OUT179 IP 179	6	0.18329	0.330471	-0.331728
OUT179 IP 179	7	0.0373557	0.492829	0.0387609
OUT179 IP 179	8	0.164457	0.977875	0.210825
OUT179 IP 179	9	-0.0100616	0.381474	-0.172154
OUT179 IP 179	10	0.773274	-0.521955	0.680775
OUT179 IP 179	11	-0.0623846	-0.377459	-0.0109572
OUT179 IP 179	12	1.18949	-2.16557	0.908674
OUT179 IP 179	13	-1.3015	-2.6255	-1.85257
OUT179 IP 179	14	-0.194342	-0.410424	-0.4354
OUT179 IP 179	15	-0.346557	-0.0829213	-0.122281
OUT179 IP 179	16	-0.574339	0.662868	-0.884589
OUT179 IP 179	17	-0.18038	0.721718	0.285302
OUT179 IP 179	18	-0.391757	-0.203641	-0.0684233
OUT179 IP 179	19	-0.155667	-0.125968	-0.139603
OUT179 IP 179	20	0.7391	-1.1793	-0.390757
OUT179 IP 179	21	-0.290236	-1.39952	-1.32433
OUT179 IP 179	22	0.474467	-0.582864	0.749012
OUT179 IP 179	23	1.37302	-0.187004	1.08604
OUT179 IP 179	24	0.170683	-0.436191	0.45951
OUT179 IP 179	25	-0.479319	0.0108778	0.107241
OUT179 IP 179	26	0.429851	-0.154845	0.0815191
OUT179 IP 179	27	-0.259295	-0.32166	0.373069
OUT179 IP 179	28	0.471987	0.0330597	0.269672
OUT179 IP 179	29	1.19551	-1.17456	-0.519458
OUT179 IP 179	30	0.249316	0.113421	0.138899
OUT179 IP 179	31	0.217596	-0.243586	-0.263945
OUT179 IP 179	32	-0.312528	-0.256613	0.199492
OUT179 IP 179	33	0.0423356	0.295682	0.241409
OUT179 IP 179	34	-0.162362	-0.192528	-0.186986
OUT179 IP 179	35	0.287311	0.155977	0.316759
OUT179 JetStat	179	3	3	0	0
OUT179 JET 179	0	8.94742	8.5284	3.1944	
OUT179 CON	179	0	4	0	0	
OUT179 CON	179	0	1	0	0	
OUT179 CON	179	0	2	0	0	
OUT179 JET 179	1	-1.96517	-4.66892	-3.77428	
OUT179 CON	179	1	21	0	0	
OUT179 CON	179	1	34	0	0	
OUT179 CON	179	1	13	0	0	
OUT179 CON	179	1	14	0	0	
OUT179 JET 179	2	1.94774	-2.37008	-0.910128	
OUT179 CON	179	2	20	0	0	
OUT179 CON	179	2	29	0	0	
OUT179 END	179	0	0	0	0
