OUT30 START	30	0	0	0	0
OUT30 LP	30	0	-1.48746	-1.70756	0.315608
OUT30 IP 30	0	0.219814	-0.271795	0.145373
OUT30 IP 30	1	-0.337511	1.79405	-1.1174
OUT30 IP 30	2	-1.13239	0.170897	-1.1498
OUT30 IP 30	3	-0.407889	2.16687	-0.528675
OUT30 IP 30	4	-0.644165	1.16461	0.92496
OUT30 IP 30	5	-0.574055	-0.490522	-0.0414523
OUT30 IP 30	6	-1.20128	-1.67575	0.580865
OUT30 IP 30	7	-1.0786	-0.461433	-0.609508
OUT30 IP 30	8	-0.75963	-0.844546	0.0436399
OUT30 IP 30	9	-1.47721	-1.58037	0.10986
OUT30 IP 30	10	-1.48746	-1.70756	0.315608
OUT30 IP 30	11	-1.08315	-1.02864	-0.282383
OUT30 IP 30	12	-0.820865	-0.5335	0.00388074
OUT30 IP 30	13	1.11933	-0.369633	0.582804
OUT30 IP 30	14	0.257239	-0.132612	-0.158814
OUT30 IP 30	15	-1.03623	0.532791	-1.03321
OUT30 IP 30	16	0.470843	0.35256	-0.188087
OUT30 IP 30	17	0.366391	-0.367039	0.226071
OUT30 IP 30	18	-0.319476	0.26575	-0.106626
OUT30 IP 30	19	-0.842912	0.305413	-0.69473
OUT30 IP 30	20	-0.776377	1.06439	1.00422
OUT30 IP 30	21	-0.147512	0.263288	0.114991
OUT30 JetStat	30	3	3	0	0
OUT30 JET 30	0	-7.44247	-7.8998	0.723737	
OUT30 CON	30	0	11	0	0	
OUT30 CON	30	0	12	0	0	
OUT30 CON	30	0	6	0	0	
OUT30 CON	30	0	5	0	0	
OUT30 CON	30	0	10	0	0	
OUT30 CON	30	0	8	0	0	
OUT30 CON	30	0	9	0	0	
OUT30 JET 30	1	-0.745399	3.96092	-1.62189	
OUT30 CON	30	1	1	0	0	
OUT30 CON	30	1	3	0	0	
OUT30 JET 30	2	-3.04087	1.01859	-2.87113	
OUT30 CON	30	2	2	0	0	
OUT30 CON	30	2	15	0	0	
OUT30 CON	30	2	19	0	0	
OUT30 END	30	0	0	0	0
