OUT109 START	109	0	0	0	0
OUT109 LP	109	0	1.00144	-4.95065	-2.5654
OUT109 IP 109	0	-0.661	1.18881	-0.54331
OUT109 IP 109	1	-0.607223	0.767225	-0.48917
OUT109 IP 109	2	-0.384167	0.111832	-0.211672
OUT109 IP 109	3	0.900213	0.289883	-0.763626
OUT109 IP 109	4	0.103085	0.23727	0.0980509
OUT109 IP 109	5	-0.131178	-0.525536	0.0946206
OUT109 IP 109	6	-0.582427	-0.327629	-0.538551
OUT109 IP 109	7	0.595937	-0.319306	-0.342238
OUT109 IP 109	8	1.00144	-4.95065	-2.5654
OUT109 IP 109	9	0.00414078	0.487134	-0.040268
OUT109 IP 109	10	-0.233019	-0.224146	-0.131161
OUT109 IP 109	11	0.782671	0.0410937	-0.387473
OUT109 IP 109	12	-0.463707	0.362514	0.0558673
OUT109 IP 109	13	-0.235524	0.116378	-0.21695
OUT109 IP 109	14	1.06772	-2.35674	-1.44084
OUT109 IP 109	15	0.0640297	-0.979489	-0.312844
OUT109 IP 109	16	0.330057	0.926422	0.928481
OUT109 IP 109	17	-0.0216538	0.647536	-0.0535109
OUT109 IP 109	18	0.498606	0.464939	0.226838
OUT109 IP 109	19	-0.504257	0.352126	-0.516169
OUT109 IP 109	20	-0.251357	-0.121749	0.0279095
OUT109 IP 109	21	-0.23614	-0.302909	-0.19362
OUT109 IP 109	22	0.119526	-0.178326	-0.161742
OUT109 IP 109	23	0.349927	-1.25911	-0.924838
OUT109 JetStat	109	1	1	0	0
OUT109 JET 109	0	2.62364	-9.79608	-5.38522	
OUT109 CON	109	0	22	0	0	
OUT109 CON	109	0	15	0	0	
OUT109 CON	109	0	14	0	0	
OUT109 CON	109	0	8	0	0	
OUT109 CON	109	0	23	0	0	
OUT109 END	109	0	0	0	0
