OUT79 START	79	0	0	0	0
OUT79 LP	79	0	3.58054	-0.665583	2.70443
OUT79 IP 79	0	-0.394302	-0.3317	-0.197194
OUT79 IP 79	1	0.338546	-0.130518	-0.144424
OUT79 IP 79	2	-0.228586	-1.30068	0.22405
OUT79 IP 79	3	-0.103477	-0.462	0.000844174
OUT79 IP 79	4	0.141624	-0.392184	-0.242127
OUT79 IP 79	5	0.163046	0.311276	0.0650675
OUT79 IP 79	6	-0.0841644	0.713435	0.712929
OUT79 IP 79	7	-0.951243	1.11696	1.18656
OUT79 IP 79	8	0.628187	1.62287	-1.06141
OUT79 IP 79	9	1.13573	0.78272	-1.08766
OUT79 IP 79	10	3.10082	1.66012	-3.50932
OUT79 IP 79	11	-0.0220335	-1.07936	-0.808935
OUT79 IP 79	12	0.125667	-0.538347	-0.0914925
OUT79 IP 79	13	-0.383745	-1.27145	0.625393
OUT79 IP 79	14	1.14668	-0.528242	0.538053
OUT79 IP 79	15	1.37463	-0.219891	0.577147
OUT79 IP 79	16	2.07162	-0.600689	1.17236
OUT79 IP 79	17	3.58054	-0.665583	2.70443
OUT79 IP 79	18	-0.271526	0.245936	-0.37561
OUT79 IP 79	19	-0.130308	-0.506845	0.484593
OUT79 IP 79	20	0.115343	0.202882	0.151729
OUT79 IP 79	21	-0.0315591	0.227998	0.0337593
OUT79 IP 79	22	0.864174	0.684249	-0.651976
OUT79 IP 79	23	1.48169	1.51419	-1.62848
OUT79 IP 79	24	-0.306997	-0.507766	-0.493192
OUT79 IP 79	25	0.38692	0.0198576	0.12476
OUT79 IP 79	26	-0.262975	-0.184784	0.326381
OUT79 IP 79	27	2.10527	-0.938446	1.35108
OUT79 IP 79	28	0.838555	-0.444607	0.294611
OUT79 IP 79	29	0.211866	0.111027	0.151049
OUT79 IP 79	30	0.0674701	0.198394	-0.0425566
OUT79 JetStat	79	3	3	0	0
OUT79 JET 79	0	11.1961	-3.42243	6.5883	
OUT79 CON	79	0	28	0	0	
OUT79 CON	79	0	14	0	0	
OUT79 CON	79	0	15	0	0	
OUT79 CON	79	0	27	0	0	
OUT79 CON	79	0	16	0	0	
OUT79 CON	79	0	17	0	0	
OUT79 JET 79	1	6.63344	4.67858	-6.83572	
OUT79 CON	79	1	22	0	0	
OUT79 CON	79	1	23	0	0	
OUT79 CON	79	1	9	0	0	
OUT79 CON	79	1	10	0	0	
OUT79 JET 79	2	-0.716904	-3.03874	0.8379	
OUT79 CON	79	2	13	0	0	
OUT79 CON	79	2	2	0	0	
OUT79 CON	79	2	3	0	0	
OUT79 END	79	0	0	0	0
