OUT128 START	128	0	0	0	0
OUT128 LP	128	0	-3.88514	-3.94337	-5.47738
OUT128 IP 128	0	0.0513596	0.927892	-0.19346
OUT128 IP 128	1	-3.88514	-3.94337	-5.47738
OUT128 IP 128	2	0.469065	-0.1036	-0.412198
OUT128 IP 128	3	-0.956779	-0.727553	-1.17603
OUT128 IP 128	4	-0.0717306	-0.599329	-0.389045
OUT128 IP 128	5	-0.275482	-0.454539	-0.0307892
OUT128 IP 128	6	0.173992	0.246068	-0.18606
OUT128 IP 128	7	0.331692	-0.137105	0.229638
OUT128 IP 128	8	-2.7914	-2.1099	-1.87188
OUT128 IP 128	9	-3.97754	-1.22353	-0.967282
OUT128 IP 128	10	-0.066747	-0.524497	0.272768
OUT128 IP 128	11	-2.38676	-1.17327	-0.778614
OUT128 IP 128	12	0.761714	-0.0500458	0.562759
OUT128 IP 128	13	-1.02837	0.261957	-0.930085
OUT128 IP 128	14	0.0677204	-0.74947	0.399738
OUT128 IP 128	15	-0.0576117	0.243396	-0.0782263
OUT128 IP 128	16	-0.833143	-0.330593	-0.215762
OUT128 IP 128	17	0.606611	-0.621324	0.0633563
OUT128 IP 128	18	0.0613561	-0.545766	0.0387646
OUT128 IP 128	19	0.399226	0.555962	-0.249538
OUT128 IP 128	20	0.381213	-0.168733	-0.380411
OUT128 IP 128	21	0.319242	-0.097962	-0.0107025
OUT128 IP 128	22	0.0538283	-0.286618	0.16992
OUT128 IP 128	23	0.204679	-0.471425	0.423808
OUT128 IP 128	24	0.528137	0.00388919	0.0298341
OUT128 IP 128	25	0.651518	0.200404	-0.132896
OUT128 JetStat	128	2	2	0	0
OUT128 JET 128	0	-10.0942	-4.8904	-3.80215	
OUT128 CON	128	0	8	0	0	
OUT128 CON	128	0	11	0	0	
OUT128 CON	128	0	9	0	0	
OUT128 CON	128	0	16	0	0	
OUT128 JET 128	1	-4.84937	-4.67767	-6.65338	
OUT128 CON	128	1	1	0	0	
OUT128 CON	128	1	3	0	0	
OUT128 END	128	0	0	0	0
