OUT191 START	191	0	0	0	0
OUT191 LP	191	0	-7.13745	1.5059	4.8397
OUT191 IP 191	0	0.29831	0.722197	-0.203131
OUT191 IP 191	1	0.348739	0.364532	-0.442623
OUT191 IP 191	2	-3.77894	1.46496	2.0702
OUT191 IP 191	3	-7.13745	1.5059	4.8397
OUT191 IP 191	4	-0.265323	-0.112518	0.118214
OUT191 IP 191	5	-0.965344	-0.123803	-0.811262
OUT191 IP 191	6	0.504748	0.319122	-0.595712
OUT191 IP 191	7	-0.265603	0.351458	-0.269653
OUT191 IP 191	8	-2.70888	0.795236	2.13252
OUT191 IP 191	9	0.384717	-0.157414	-0.278515
OUT191 IP 191	10	-0.282566	-0.088045	0.208928
OUT191 IP 191	11	-0.322592	0.141289	0.283847
OUT191 IP 191	12	0.107016	0.152143	-0.0788035
OUT191 IP 191	13	-0.244093	-0.0944552	-0.0362554
OUT191 IP 191	14	-2.08267	0.560952	1.58607
OUT191 IP 191	15	-1.13412	0.402246	1.0374
OUT191 IP 191	16	-0.232811	0.403332	0.164271
OUT191 IP 191	17	-0.234187	0.125973	0.0518861
OUT191 JetStat	191	1	1	0	0
OUT191 JET 191	0	-17.2038	4.88207	11.9076	
OUT191 CON	191	0	2	0	0	
OUT191 CON	191	0	11	0	0	
OUT191 CON	191	0	15	0	0	
OUT191 CON	191	0	3	0	0	
OUT191 CON	191	0	8	0	0	
OUT191 CON	191	0	14	0	0	
OUT191 END	191	0	0	0	0
