OUT237 START	237	0	0	0	0
OUT237 LP	237	0	-0.335244	7.05573	0.484294
OUT237 IP 237	0	0.673486	-0.247227	-0.255609
OUT237 IP 237	1	1.52046	0.442598	1.30403
OUT237 IP 237	2	-0.547498	1.99503	0.555276
OUT237 IP 237	3	-0.915611	0.30999	0.0389449
OUT237 IP 237	4	-0.544996	0.853157	-0.196258
OUT237 IP 237	5	-0.335244	7.05573	0.484294
OUT237 IP 237	6	0.629994	1.34318	0.159888
OUT237 IP 237	7	-0.118923	0.340543	-0.0758024
OUT237 IP 237	8	-1.51234	0.685148	-1.31213
OUT237 IP 237	9	-0.265287	-0.428263	0.318322
OUT237 IP 237	10	-0.121509	-0.157767	-0.191511
OUT237 IP 237	11	-0.376151	0.344516	0.333744
OUT237 IP 237	12	0.725586	-0.174856	-0.403163
OUT237 IP 237	13	0.364565	0.939315	-0.00816422
OUT237 IP 237	14	0.530927	-0.572047	-0.0534043
OUT237 IP 237	15	-0.210403	-0.121859	0.116976
OUT237 IP 237	16	0.216252	1.06612	0.353718
OUT237 IP 237	17	-0.362088	0.540013	0.0670107
OUT237 IP 237	18	-0.475065	0.49059	-0.251757
OUT237 IP 237	19	0.167206	-1.44319	-1.33582
OUT237 IP 237	20	0.448803	-0.233785	0.112913
OUT237 IP 237	21	0.0565892	0.153503	0.0714226
OUT237 JetStat	237	1	1	0	0
OUT237 JET 237	0	-0.671283	10.1982	1.3847	
OUT237 CON	237	0	16	0	0	
OUT237 CON	237	0	2	0	0	
OUT237 CON	237	0	5	0	0	
OUT237 END	237	0	0	0	0
