OUT29 START	29	0	0	0	0
OUT29 LP	29	0	-4.94495	2.71364	-0.435663
OUT29 IP 29	0	0.154757	-1.43881	-0.498736
OUT29 IP 29	1	-0.344298	-0.0484598	0.194261
OUT29 IP 29	2	1.26005	-0.918717	1.08192
OUT29 IP 29	3	0.0423557	0.184143	0.075366
OUT29 IP 29	4	0.943223	0.829682	0.337732
OUT29 IP 29	5	0.618564	0.579825	0.273688
OUT29 IP 29	6	0.555411	1.0582	0.593383
OUT29 IP 29	7	-0.731788	0.0886963	0.562065
OUT29 IP 29	8	-0.712924	0.708556	0.73239
OUT29 IP 29	9	-1.66382	-0.142586	0.492512
OUT29 IP 29	10	-4.94495	2.71364	-0.435663
OUT29 IP 29	11	-2.74529	1.34935	-0.0988756
OUT29 IP 29	12	-0.504693	0.0356637	-0.233618
OUT29 IP 29	13	-1.20546	0.569271	0.3793
OUT29 IP 29	14	0.317303	0.114295	-0.0423912
OUT29 IP 29	15	0.275077	-0.0232809	-0.0673419
OUT29 IP 29	16	0.564543	0.770923	-0.166644
OUT29 IP 29	17	0.932328	1.83995	-1.15215
OUT29 IP 29	18	-0.117464	0.250224	0.196835
OUT29 IP 29	19	-0.20804	-0.236831	0.274002
OUT29 IP 29	20	-0.706761	-0.873875	0.6822
OUT29 IP 29	21	0.711523	-0.643972	0.415347
OUT29 IP 29	22	1.68344	0.383898	1.36577
OUT29 IP 29	23	0.628232	0.11492	0.253734
OUT29 IP 29	24	0.430203	0.110852	0.338431
OUT29 IP 29	25	0.699396	0.807771	-0.156205
OUT29 IP 29	26	-1.10545	-0.396605	-0.913523
OUT29 IP 29	27	-0.308568	0.0330967	-0.121702
OUT29 IP 29	28	-0.0757915	0.131799	-0.047522
OUT29 IP 29	29	-0.128495	-0.135821	-0.168661
OUT29 IP 29	30	-0.516479	-0.893794	-0.998053
OUT29 IP 29	31	1.20018	-0.189778	-0.913156
OUT29 IP 29	32	0.306738	0.211946	-0.167874
OUT29 IP 29	33	1.41835	-0.345973	-0.571166
OUT29 IP 29	34	0.187327	0.287952	-0.0698816
OUT29 IP 29	35	0.408179	-0.0613032	0.0375689
OUT29 IP 29	36	-0.394861	0.781494	0.0658218
OUT29 IP 29	37	-0.154637	0.188447	-0.00645189
OUT29 IP 29	38	-0.433139	2.47917	1.04424
OUT29 IP 29	39	0.433218	0.730921	0.185658
OUT29 IP 29	40	0.165981	0.246722	0.156138
OUT29 IP 29	41	0.344426	-0.0815498	-0.319554
OUT29 IP 29	42	0.423855	-0.631421	-0.591189
OUT29 IP 29	43	-0.0813058	0.334228	-0.035551
OUT29 IP 29	44	-0.303354	0.267468	-0.181934
OUT29 IP 29	45	0.227747	-0.0621587	0.104961
OUT29 IP 29	46	0.13943	-0.188865	-0.136391
OUT29 IP 29	47	-0.154534	-0.0410112	0.00697171
OUT29 IP 29	48	-0.360845	0.240756	-0.224725
OUT29 JetStat	29	3	3	0	0
OUT29 JET 29	0	-8.89852	4.63372	-0.159736	
OUT29 CON	29	0	13	0	0	
OUT29 CON	29	0	10	0	0	
OUT29 CON	29	0	11	0	0	
OUT29 JET 29	1	2.75288	3.49141	1.53734	
OUT29 CON	29	1	6	0	0	
OUT29 CON	29	1	40	0	0	
OUT29 CON	29	1	39	0	0	
OUT29 CON	29	1	4	0	0	
OUT29 CON	29	1	5	0	0	
OUT29 JET 29	2	3.24221	-0.641356	-1.83859	
OUT29 CON	29	2	31	0	0	
OUT29 CON	29	2	41	0	0	
OUT29 CON	29	2	15	0	0	
OUT29 CON	29	2	33	0	0	
OUT29 END	29	0	0	0	0
