OUT149 START	149	0	0	0	0
OUT149 LP	149	0	-4.15141	1.04662	-0.200365
OUT149 IP 149	0	0.9494	0.382033	-0.69842
OUT149 IP 149	1	0.472405	0.154153	0.420252
OUT149 IP 149	2	-0.519125	-0.448333	-0.187534
OUT149 IP 149	3	-0.608156	0.239518	-0.498128
OUT149 IP 149	4	0.68468	1.10127	0.37637
OUT149 IP 149	5	0.562079	-0.148494	0.373137
OUT149 IP 149	6	-0.163592	-0.456403	-0.0244612
OUT149 IP 149	7	-0.11834	1.10002	0.381965
OUT149 IP 149	8	-4.02185	0.711775	0.029509
OUT149 IP 149	9	-4.15141	1.04662	-0.200365
OUT149 IP 149	10	-0.329183	-0.203862	0.317261
OUT149 IP 149	11	0.307927	0.155373	-0.330498
OUT149 IP 149	12	0.0526824	0.143156	-0.153494
OUT149 IP 149	13	-1.09755	0.0935368	-0.324312
OUT149 IP 149	14	-0.926325	0.27184	-0.770442
OUT149 IP 149	15	-0.488881	-0.0311148	-0.0785758
OUT149 IP 149	16	1.21309	-0.0160088	0.928906
OUT149 IP 149	17	-0.113048	-0.208243	-0.210411
OUT149 IP 149	18	0.338868	0.19135	-0.203657
OUT149 IP 149	19	0.183409	-0.102465	0.13911
OUT149 IP 149	20	0.283133	-0.494673	-0.0615563
OUT149 IP 149	21	1.84343	-0.655807	-0.802956
OUT149 IP 149	22	0.43304	0.195084	-0.0382431
OUT149 IP 149	23	-3.13421	0.823047	0.821986
OUT149 IP 149	24	-0.972606	0.337978	-0.497204
OUT149 IP 149	25	-0.131334	0.123184	-0.0405604
OUT149 IP 149	26	0.0595839	-0.335567	-0.323677
OUT149 IP 149	27	0.0302824	-0.342664	0.0947478
OUT149 IP 149	28	-0.363773	0.0615126	-0.0959302
OUT149 IP 149	29	-0.0689074	0.135136	-0.0810118
OUT149 IP 149	30	-0.245279	0.22165	-0.115968
OUT149 IP 149	31	-3.53647	-0.411517	-1.93863
OUT149 IP 149	32	0.434004	-0.264981	-0.500958
OUT149 IP 149	33	0.0267623	0.153463	0.0513296
OUT149 IP 149	34	0.167408	0.0611042	0.107122
OUT149 IP 149	35	0.247261	0.21761	0.226719
OUT149 IP 149	36	-0.279777	-0.0870535	-0.010797
OUT149 JetStat	149	2	2	0	0
OUT149 JET 149	0	-13.2929	2.71087	0.149713	
OUT149 CON	149	0	13	0	0	
OUT149 CON	149	0	15	0	0	
OUT149 CON	149	0	23	0	0	
OUT149 CON	149	0	28	0	0	
OUT149 CON	149	0	8	0	0	
OUT149 CON	149	0	9	0	0	
OUT149 JET 149	1	-3.53647	-0.411517	-1.93863	
OUT149 CON	149	1	31	0	0	
OUT149 END	149	0	0	0	0
