OUT164 START	164	0	0	0	0
OUT164 LP	164	0	1.40865	-2.31968	-0.0734657
OUT164 IP 164	0	0.232391	-0.106188	0.0556647
OUT164 IP 164	1	1.45115	-1.46236	-0.0309671
OUT164 IP 164	2	0.513219	0.396705	-0.547959
OUT164 IP 164	3	0.715987	-0.645045	-0.0440128
OUT164 IP 164	4	0.936466	-0.664187	-0.082267
OUT164 IP 164	5	-0.260469	0.40217	0.178702
OUT164 IP 164	6	-0.8583	0.427999	0.834631
OUT164 IP 164	7	-0.356988	0.235622	0.0809498
OUT164 IP 164	8	0.609767	0.40553	-0.404328
OUT164 IP 164	9	0.293899	1.04736	-0.975626
OUT164 IP 164	10	0.56455	-0.0624739	0.401678
OUT164 IP 164	11	1.20047	-0.57435	-0.91385
OUT164 IP 164	12	0.807948	-2.05939	0.237029
OUT164 IP 164	13	0.41863	-0.529029	-0.499777
OUT164 IP 164	14	-1.21344	-0.117481	0.0429221
OUT164 IP 164	15	-0.254809	0.317684	0.320633
OUT164 IP 164	16	-1.09587	1.34949	0.590462
OUT164 IP 164	17	-1.25269	-0.216564	-0.0301734
OUT164 IP 164	18	-0.58219	2.00988	-0.8178
OUT164 IP 164	19	0.0700849	-0.865123	-0.235921
OUT164 IP 164	20	0.531582	0.0404001	0.527159
OUT164 IP 164	21	-0.526544	0.79772	-0.600579
OUT164 IP 164	22	0.98103	0.995253	-0.955592
OUT164 IP 164	23	0.752788	0.310156	-0.186762
OUT164 IP 164	24	1.40865	-2.31968	-0.0734657
OUT164 IP 164	25	0.660268	-1.4434	-0.264897
OUT164 IP 164	26	-0.114286	-0.687447	0.368192
OUT164 IP 164	27	0.101048	-0.735104	0.658869
OUT164 IP 164	28	-0.548153	-0.0674819	-0.356777
OUT164 IP 164	29	-0.661133	-0.4456	0.314071
OUT164 IP 164	30	-0.191225	-0.12788	-0.193435
OUT164 IP 164	31	0.121605	-0.227913	0.130866
OUT164 IP 164	32	0.682004	0.253556	-0.559896
OUT164 IP 164	33	0.418809	-0.220005	-0.156589
OUT164 IP 164	34	0.101659	-1.5894	1.49636
OUT164 IP 164	35	-0.129224	-0.328648	0.192289
OUT164 IP 164	36	0.0367785	-0.277484	-0.167042
OUT164 IP 164	37	-0.0571514	-0.165201	0.0131281
OUT164 IP 164	38	-0.652622	-0.159498	0.392603
OUT164 IP 164	39	0.149551	-0.129056	0.0921911
OUT164 IP 164	40	0.235322	-0.0274987	0.238293
OUT164 JetStat	164	3	3	0	0
OUT164 JET 164	0	6.1077	-8.76767	-0.257747	
OUT164 CON	164	0	4	0	0	
OUT164 CON	164	0	1	0	0	
OUT164 CON	164	0	3	0	0	
OUT164 CON	164	0	12	0	0	
OUT164 CON	164	0	24	0	0	
OUT164 CON	164	0	25	0	0	
OUT164 JET 164	1	2.82447	2.07723	-2.45995	
OUT164 CON	164	1	32	0	0	
OUT164 CON	164	1	8	0	0	
OUT164 CON	164	1	2	0	0	
OUT164 CON	164	1	22	0	0	
OUT164 JET 164	2	-1.1207	2.83485	-1.41115	
OUT164 CON	164	2	18	0	0	
OUT164 CON	164	2	21	0	0	
OUT164 END	164	0	0	0	0
