OUT34 START	34	0	0	0	0
OUT34 LP	34	0	7.04121	2.56465	-5.84071
OUT34 IP 34	0	0.58788	0.253568	0.106253
OUT34 IP 34	1	-0.540742	-1.19031	1.0546
OUT34 IP 34	2	0.163335	0.0961702	0.113892
OUT34 IP 34	3	-0.189762	-0.430738	-0.257886
OUT34 IP 34	4	0.264273	0.143462	-0.260786
OUT34 IP 34	5	2.46142	0.375528	-0.669006
OUT34 IP 34	6	2.31392	1.46952	-1.20628
OUT34 IP 34	7	7.04121	2.56465	-5.84071
OUT34 IP 34	8	0.0375239	0.23359	0.215712
OUT34 IP 34	9	0.535348	-0.587194	-0.0480275
OUT34 IP 34	10	0.494639	0.607208	0.686475
OUT34 IP 34	11	0.124141	0.603484	0.240072
OUT34 IP 34	12	0.0800059	-0.275657	-0.0746446
OUT34 IP 34	13	-0.105235	-0.29808	0.0385579
OUT34 IP 34	14	-0.333667	-0.326208	-0.238488
OUT34 IP 34	15	-0.218628	-0.00112794	-0.0664944
OUT34 JetStat	34	1	1	0	0
OUT34 JET 34	0	9.66298	4.19819	-7.2524	
OUT34 CON	34	0	6	0	0	
OUT34 CON	34	0	4	0	0	
OUT34 CON	34	0	7	0	0	
OUT34 END	34	0	0	0	0
