OUT272 START	272	0	0	0	0
OUT272 LP	272	0	-4.99525	-7.32345	4.79933
OUT272 IP 272	0	-4.99525	-7.32345	4.79933
OUT272 IP 272	1	-2.8931	-2.78403	1.28503
OUT272 IP 272	2	-2.81663	0.0819709	1.60011
OUT272 IP 272	3	-0.448007	-0.488996	-0.0763867
OUT272 IP 272	4	-0.253171	-0.0709159	0.0705007
OUT272 IP 272	5	0.209954	0.0639567	-0.219883
OUT272 IP 272	6	0.280378	-0.313639	-0.149617
OUT272 IP 272	7	0.12692	0.468151	0.356926
OUT272 IP 272	8	-0.18959	0.20416	-0.0281712
OUT272 IP 272	9	-0.66638	0.275231	-0.0489453
OUT272 JetStat	272	1	1	0	0
OUT272 JET 272	0	-7.92558	-10.1527	6.05913	
OUT272 CON	272	0	0	0	0	
OUT272 CON	272	0	1	0	0	
OUT272 END	272	0	0	0	0
