OUT178 START	178	0	0	0	0
OUT178 LP	178	0	-6.13668	-1.63148	-4.26996
OUT178 IP 178	0	0.0632087	-0.369547	-0.227209
OUT178 IP 178	1	0.75976	0.449611	-0.352188
OUT178 IP 178	2	0.730786	-0.303018	0.0416247
OUT178 IP 178	3	0.803575	-0.206605	0.738355
OUT178 IP 178	4	0.20587	-0.337129	-0.13755
OUT178 IP 178	5	0.0453362	0.471949	-0.426637
OUT178 IP 178	6	0.442925	0.271269	-0.473756
OUT178 IP 178	7	0.0161454	0.185193	0.163149
OUT178 IP 178	8	-0.992478	-0.836095	0.54843
OUT178 IP 178	9	-1.42144	-0.400018	-1.1857
OUT178 IP 178	10	-6.13668	-1.63148	-4.26996
OUT178 IP 178	11	-1.93963	-0.744508	-0.871786
OUT178 IP 178	12	-0.732322	0.722555	-0.504141
OUT178 IP 178	13	-0.355675	-0.519061	0.372282
OUT178 IP 178	14	-0.747821	-0.256575	-0.382586
OUT178 IP 178	15	-0.0440244	0.374312	-0.0901402
OUT178 IP 178	16	-0.242323	-0.135791	-0.134072
OUT178 IP 178	17	0.325865	-0.0910055	-0.148369
OUT178 IP 178	18	-0.0227874	-0.296624	0.126438
OUT178 IP 178	19	0.58945	-0.0767357	-0.375279
OUT178 IP 178	20	-0.126093	-0.25571	0.0961658
OUT178 IP 178	21	0.22544	-0.282753	0.305472
OUT178 IP 178	22	0.206822	-0.0874054	0.0948254
OUT178 IP 178	23	-0.482821	0.0653322	0.0150612
OUT178 IP 178	24	0.137088	-0.300864	0.297717
OUT178 IP 178	25	0.275174	0.0922207	-0.0928387
OUT178 IP 178	26	-0.256481	0.642298	-0.328685
OUT178 IP 178	27	1.10702	-0.182888	-0.41819
OUT178 IP 178	28	0.869771	0.0122083	-0.02145
OUT178 IP 178	29	1.07351	0.495181	0.588286
OUT178 IP 178	30	0.878052	0.710849	0.0396054
OUT178 IP 178	31	-2.72621	-1.03443	-1.22813
OUT178 IP 178	32	-2.30641	0.826792	-0.270866
OUT178 IP 178	33	0.357814	0.608372	0.281484
OUT178 IP 178	34	0.371827	0.0729447	0.280174
OUT178 IP 178	35	0.507867	0.218845	-0.259054
OUT178 IP 178	36	0.350389	0.14009	-0.263643
OUT178 IP 178	37	0.611978	-0.11251	0.218593
OUT178 IP 178	38	-0.26737	0.158474	0.249362
OUT178 IP 178	39	0.852706	1.04145	0.257956
OUT178 IP 178	40	0.465751	0.511261	0.0294173
OUT178 IP 178	41	-0.300069	-0.100109	0.0969235
OUT178 IP 178	42	-1.39579	0.397982	0.459281
OUT178 IP 178	43	0.149585	-0.0969762	0.0696596
OUT178 IP 178	44	0.22872	-0.850717	-0.130119
OUT178 IP 178	45	0.122632	0.394674	0.0673638
OUT178 IP 178	46	0.221988	0.314599	0.0830598
OUT178 IP 178	47	0.178893	-0.00812226	0.0816697
OUT178 JetStat	178	3	3	0	0
OUT178 JET 178	0	-13.2349	-4.20986	-8.01534	
OUT178 CON	178	0	9	0	0	
OUT178 CON	178	0	10	0	0	
OUT178 CON	178	0	16	0	0	
OUT178 CON	178	0	14	0	0	
OUT178 CON	178	0	11	0	0	
OUT178 CON	178	0	31	0	0	
OUT178 JET 178	1	-4.19411	1.29257	0.19675	
OUT178 CON	178	1	42	0	0	
OUT178 CON	178	1	23	0	0	
OUT178 CON	178	1	32	0	0	
OUT178 JET 178	2	2.79734	3.21042	0.685272	
OUT178 CON	178	2	33	0	0	
OUT178 CON	178	2	30	0	0	
OUT178 CON	178	2	40	0	0	
OUT178 CON	178	2	39	0	0	
OUT178 CON	178	2	46	0	0	
OUT178 END	178	0	0	0	0
