OUT59 START	59	0	0	0	0
OUT59 LP	59	0	4.61767	0.762701	-4.2415
OUT59 IP 59	0	4.61767	0.762701	-4.2415
OUT59 IP 59	1	-0.0437972	0.34102	-0.0703275
OUT59 IP 59	2	-0.788833	-0.43564	0.257559
OUT59 IP 59	3	-1.87718	-0.517958	0.812815
OUT59 IP 59	4	-0.602201	-0.291789	0.216871
OUT59 IP 59	5	0.305885	-0.500259	-0.242094
OUT59 IP 59	6	-0.186459	-0.0173432	0.0192024
OUT59 IP 59	7	-1.21508	-1.12524	-0.526
OUT59 IP 59	8	-0.151593	0.153587	0.00409394
OUT59 IP 59	9	0.187847	-0.119838	-0.0141305
OUT59 IP 59	10	2.89066	-0.312416	-2.61228
OUT59 IP 59	11	0.56511	-0.475891	-0.485033
OUT59 IP 59	12	0.398415	-0.540493	-0.464255
OUT59 IP 59	13	0.587164	0.0158592	0.0471418
OUT59 IP 59	14	2.45742	0.624621	-2.10488
OUT59 IP 59	15	0.306128	-0.0234934	-0.0521873
OUT59 IP 59	16	-1.57459	-0.143791	0.7876
OUT59 IP 59	17	-0.439591	0.166734	-0.133681
OUT59 IP 59	18	-0.758415	-0.108189	0.524684
OUT59 IP 59	19	0.931915	-0.701259	-1.12168
OUT59 IP 59	20	-0.17532	-0.792063	-0.731409
OUT59 IP 59	21	0.162354	0.126842	-0.206937
OUT59 IP 59	22	-0.309157	-0.278008	0.40966
OUT59 IP 59	23	-0.59203	0.0235341	0.479538
OUT59 IP 59	24	0.386797	-0.0243995	0.285306
OUT59 IP 59	25	-0.216668	0.136321	0.1117
OUT59 IP 59	26	0.252243	0.194762	-0.0927908
OUT59 IP 59	27	0.0879811	0.520603	-0.284575
OUT59 IP 59	28	-0.411348	-0.169227	0.0352033
OUT59 IP 59	29	-0.397461	-0.24972	-0.0543557
OUT59 JetStat	59	2	2	0	0
OUT59 JET 59	0	10.0653	1.08214	-8.9561	
OUT59 CON	59	0	10	0	0	
OUT59 CON	59	0	0	0	0	
OUT59 CON	59	0	14	0	0	
OUT59 JET 59	1	-6.46988	-1.51385	3.06393	
OUT59 CON	59	1	6	0	0	
OUT59 CON	59	1	2	0	0	
OUT59 CON	59	1	4	0	0	
OUT59 CON	59	1	23	0	0	
OUT59 CON	59	1	18	0	0	
OUT59 CON	59	1	3	0	0	
OUT59 CON	59	1	16	0	0	
OUT59 END	59	0	0	0	0
