OUT221 START	221	0	0	0	0
OUT221 LP	221	0	0.985195	-8.76374	6.1127
OUT221 IP 221	0	0.985195	-8.76374	6.1127
OUT221 IP 221	1	0.222797	-0.314715	-0.187261
OUT221 IP 221	2	-2.57175	-0.246622	-1.45361
OUT221 IP 221	3	-0.354244	-0.97512	-0.627538
OUT221 IP 221	4	-0.17696	-0.142241	0.190804
OUT221 IP 221	5	0.323781	0.3666	-0.113275
OUT221 IP 221	6	-0.239825	0.22009	0.203724
OUT221 IP 221	7	-0.175365	0.560742	-0.520975
OUT221 IP 221	8	-0.14971	0.443045	-0.4516
OUT221 IP 221	9	-1.39454	0.815082	-0.171988
OUT221 IP 221	10	-0.463182	0.275189	-0.473391
OUT221 IP 221	11	-0.881133	0.32956	0.168346
OUT221 IP 221	12	0.423431	-0.607523	-0.0106215
OUT221 IP 221	13	-0.196169	-0.929227	0.620139
OUT221 IP 221	14	-0.059001	-0.503894	0.000786137
OUT221 IP 221	15	0.00069222	-0.154089	-0.0526513
OUT221 IP 221	16	-1.30217	-0.66513	-0.899071
OUT221 IP 221	17	-0.493554	-0.312062	0.014662
OUT221 IP 221	18	-0.465125	-0.830148	0.0105335
OUT221 IP 221	19	0.180514	-1.65163	0.783426
OUT221 IP 221	20	-0.354862	0.338412	0.437363
OUT221 IP 221	21	-0.783581	0.479858	-0.0757428
OUT221 IP 221	22	0.195416	0.470092	-0.341481
OUT221 IP 221	23	0.148651	-0.117515	0.151827
OUT221 IP 221	24	-0.235616	-0.332402	-0.0884011
OUT221 IP 221	25	0.23431	-0.426439	-0.109807
OUT221 IP 221	26	-0.462312	-0.367849	0.365477
OUT221 IP 221	27	-0.424725	-0.149917	0.0460443
OUT221 IP 221	28	0.395924	-0.248006	-0.359855
OUT221 IP 221	29	-0.0345116	-0.292475	0.301443
OUT221 JetStat	221	3	3	0	0
OUT221 JET 221	0	0.934951	-11.6873	7.79336	
OUT221 CON	221	0	29	0	0	
OUT221 CON	221	0	13	0	0	
OUT221 CON	221	0	0	0	0	
OUT221 CON	221	0	19	0	0	
OUT221 JET 221	1	-3.93761	-0.929141	-2.35213	
OUT221 CON	221	1	2	0	0	
OUT221 CON	221	1	16	0	0	
OUT221 JET 221	2	-3.06914	1.62942	-0.0798688	
OUT221 CON	221	2	11	0	0	
OUT221 CON	221	2	9	0	0	
OUT221 CON	221	2	21	0	0	
OUT221 END	221	0	0	0	0
