OUT288 START	288	0	0	0	0
OUT288 LP	288	0	2.15865	-1.09499	1.2402
OUT288 IP 288	0	-0.0371537	0.498258	0.498196
OUT288 IP 288	1	-0.564145	-0.221893	-0.335337
OUT288 IP 288	2	0.194711	0.740488	0.0956712
OUT288 IP 288	3	-0.218425	0.605771	-0.498781
OUT288 IP 288	4	-0.105757	0.839981	-0.570564
OUT288 IP 288	5	-0.314565	1.01656	-0.0485007
OUT288 IP 288	6	0.061103	2.08917	-0.974102
OUT288 IP 288	7	-0.07552	-0.380494	-0.036433
OUT288 IP 288	8	-1.82227	-1.38048	-1.64133
OUT288 IP 288	9	-0.486771	-0.363671	-0.283058
OUT288 IP 288	10	-0.0708305	-0.425787	-0.205265
OUT288 IP 288	11	0.104639	-0.502886	-0.282912
OUT288 IP 288	12	-0.284575	0.132076	0.124205
OUT288 IP 288	13	0.0343453	0.282332	-0.16122
OUT288 IP 288	14	1.03358	0.17758	0.695829
OUT288 IP 288	15	2.10817	-0.272438	1.25476
OUT288 IP 288	16	1.38508	-0.480832	1.06967
OUT288 IP 288	17	2.15865	-1.09499	1.2402
OUT288 IP 288	18	-0.337978	-0.140939	-0.272946
OUT288 IP 288	19	-0.735109	-0.688258	0.507848
OUT288 IP 288	20	0.0250927	-0.451485	-0.280216
OUT288 IP 288	21	-1.15846	-0.789371	-1.19684
OUT288 IP 288	22	0.168529	0.0062219	0.0421383
OUT288 IP 288	23	0.165097	-0.0596019	0.154561
OUT288 IP 288	24	1.3991	-0.199457	0.762904
OUT288 IP 288	25	0.0738729	-0.246906	0.0437887
OUT288 IP 288	26	0.0884313	0.173793	-0.195972
OUT288 IP 288	27	0.992911	0.0349891	0.7773
OUT288 IP 288	28	1.68957	-0.417591	0.409373
OUT288 JetStat	288	3	3	0	0
OUT288 JET 288	0	11.3117	-2.34591	6.34056	
OUT288 CON	288	0	22	0	0	
OUT288 CON	288	0	28	0	0	
OUT288 CON	288	0	17	0	0	
OUT288 CON	288	0	14	0	0	
OUT288 CON	288	0	27	0	0	
OUT288 CON	288	0	23	0	0	
OUT288 CON	288	0	16	0	0	
OUT288 CON	288	0	15	0	0	
OUT288 CON	288	0	24	0	0	
OUT288 JET 288	1	-4.39166	-2.90946	-3.71068	
OUT288 CON	288	1	1	0	0	
OUT288 CON	288	1	9	0	0	
OUT288 CON	288	1	18	0	0	
OUT288 CON	288	1	8	0	0	
OUT288 CON	288	1	21	0	0	
OUT288 JET 288	2	-0.0104931	3.22107	-1.70035	
OUT288 CON	288	2	4	0	0	
OUT288 CON	288	2	6	0	0	
OUT288 CON	288	2	13	0	0	
OUT288 END	288	0	0	0	0
