OUT23 START	23	0	0	0	0
OUT23 LP	23	0	1.63958	5.01904	0.232772
OUT23 IP 23	0	-0.263364	0.164347	0.29043
OUT23 IP 23	1	0.174372	0.74918	0.0407338
OUT23 IP 23	2	-0.422474	0.200137	0.353454
OUT23 IP 23	3	-0.196178	0.0212497	-0.0150142
OUT23 IP 23	4	0.408689	0.459879	0.425798
OUT23 IP 23	5	-0.0890669	0.390891	0.411532
OUT23 IP 23	6	-0.517563	-0.115953	-0.0884602
OUT23 IP 23	7	-2.03907	-2.19059	-1.24999
OUT23 IP 23	8	0.078238	-0.237044	-0.115864
OUT23 IP 23	9	0.173127	0.628846	0.382363
OUT23 IP 23	10	-0.201855	0.0053061	-0.00130368
OUT23 IP 23	11	-0.148543	-0.253913	0.0967862
OUT23 IP 23	12	-0.289267	-0.379451	0.146063
OUT23 IP 23	13	1.31328	3.13972	0.404382
OUT23 IP 23	14	-3.04694	-2.18376	-1.87094
OUT23 IP 23	15	-0.450108	-0.657709	-0.463148
OUT23 IP 23	16	0.274484	2.16603	0.232006
OUT23 IP 23	17	0.673539	0.380783	-0.253336
OUT23 IP 23	18	-0.128964	-0.133311	-0.152014
OUT23 IP 23	19	0.0964064	-0.126697	0.0849993
OUT23 IP 23	20	-0.391587	0.11207	0.183268
OUT23 IP 23	21	0.559173	0.910943	-0.115373
OUT23 IP 23	22	1.63958	5.01904	0.232772
OUT23 IP 23	23	0.0928715	0.607733	-0.134808
OUT23 JetStat	23	2	2	0	0
OUT23 JET 23	0	4.08148	12.6788	0.659789	
OUT23 CON	23	0	23	0	0	
OUT23 CON	23	0	21	0	0	
OUT23 CON	23	0	16	0	0	
OUT23 CON	23	0	13	0	0	
OUT23 CON	23	0	1	0	0	
OUT23 CON	23	0	22	0	0	
OUT23 JET 23	1	-5.70692	-5.20476	-3.72755	
OUT23 CON	23	1	18	0	0	
OUT23 CON	23	1	15	0	0	
OUT23 CON	23	1	7	0	0	
OUT23 CON	23	1	14	0	0	
OUT23 END	23	0	0	0	0
