OUT263 START	263	0	0	0	0
OUT263 LP	263	0	5.75181	-3.37133	3.28169
OUT263 IP 263	0	-2.21606	0.170409	2.1733
OUT263 IP 263	1	-0.584148	0.284211	0.161742
OUT263 IP 263	2	0.599013	-0.180797	0.337
OUT263 IP 263	3	1.42795	-1.20824	1.6591
OUT263 IP 263	4	0.28128	-0.505846	0.170133
OUT263 IP 263	5	1.21569	-0.900574	1.49964
OUT263 IP 263	6	5.09854	-1.81948	2.59499
OUT263 IP 263	7	5.75181	-3.37133	3.28169
OUT263 IP 263	8	-0.0777233	-0.420474	-0.0375729
OUT263 IP 263	9	0.201631	-0.356129	0.417368
OUT263 JetStat	263	2	2	0	0
OUT263 JET 263	0	11.5032	-5.39658	6.21326	
OUT263 CON	263	0	7	0	0	
OUT263 CON	263	0	2	0	0	
OUT263 CON	263	0	6	0	0	
OUT263 JET 263	1	2.86488	-2.48536	3.57316	
OUT263 CON	263	1	9	0	0	
OUT263 CON	263	1	3	0	0	
OUT263 CON	263	1	5	0	0	
OUT263 END	263	0	0	0	0
