OUT218 START	218	0	0	0	0
OUT218 LP	218	0	-4.94589	-2.55093	3.97173
OUT218 IP 218	0	-0.246669	1.45412	0.822272
OUT218 IP 218	1	0.550437	0.128036	-0.181849
OUT218 IP 218	2	0.319212	0.544694	0.295341
OUT218 IP 218	3	0.632962	-0.176572	0.0633574
OUT218 IP 218	4	-0.364382	-0.249983	0.356903
OUT218 IP 218	5	0.128307	-0.15642	-0.097016
OUT218 IP 218	6	-0.50292	1.85534	-1.56937
OUT218 IP 218	7	-0.114132	0.115934	0.0192861
OUT218 IP 218	8	0.476569	-0.342861	-0.336147
OUT218 IP 218	9	0.425763	-0.295011	-0.0313783
OUT218 IP 218	10	-0.732853	0.571289	0.0561096
OUT218 IP 218	11	-2.84845	-0.911359	2.83775
OUT218 IP 218	12	-3.65802	-1.55236	2.15127
OUT218 IP 218	13	-4.94589	-2.55093	3.97173
OUT218 IP 218	14	-0.24575	0.441928	0.45149
OUT218 IP 218	15	0.740577	-0.485816	0.907178
OUT218 IP 218	16	0.736951	0.638405	0.933191
OUT218 IP 218	17	0.21096	-0.13804	0.0185498
OUT218 IP 218	18	0.377015	-0.37021	0.151382
OUT218 IP 218	19	1.12106	-0.927498	1.01407
OUT218 IP 218	20	1.15554	-1.81233	1.84831
OUT218 IP 218	21	0.50804	-0.593733	0.285856
OUT218 IP 218	22	-0.167063	-0.400945	0.255897
OUT218 IP 218	23	0.524383	-0.463021	0.158787
OUT218 IP 218	24	-0.418851	-1.25193	0.346739
OUT218 IP 218	25	0.372047	-0.843589	0.0578739
OUT218 IP 218	26	-0.130989	-1.00875	-0.970842
OUT218 IP 218	27	-0.53025	-0.63552	-0.493797
OUT218 IP 218	28	-0.284992	-0.24195	-0.365647
OUT218 IP 218	29	-0.436281	0.907319	-1.0333
OUT218 IP 218	30	-1.07202	0.534603	-1.20511
OUT218 IP 218	31	0.303001	0.109181	-0.0526399
OUT218 IP 218	32	-2.54276	-1.73485	0.839783
OUT218 IP 218	33	0.49964	0.36768	0.29821
OUT218 IP 218	34	0.473687	0.256944	0.197793
OUT218 IP 218	35	0.442392	-0.267759	-0.0816558
OUT218 IP 218	36	0.0493622	-0.15823	0.035676
OUT218 IP 218	37	0.183199	-0.610108	0.0450801
OUT218 JetStat	218	3	3	0	0
OUT218 JET 218	0	-11.8486	-5.27879	9.25035	
OUT218 CON	218	0	11	0	0	
OUT218 CON	218	0	12	0	0	
OUT218 CON	218	0	4	0	0	
OUT218 CON	218	0	13	0	0	
OUT218 JET 218	1	3.06742	-3.27899	3.75471	
OUT218 CON	218	1	15	0	0	
OUT218 CON	218	1	19	0	0	
OUT218 CON	218	1	20	0	0	
OUT218 JET 218	2	-2.54276	-1.73485	0.839783	
OUT218 CON	218	2	32	0	0	
OUT218 END	218	0	0	0	0
