OUT126 START	126	0	0	0	0
OUT126 LP	126	0	-2.97645	2.75172	3.82149
OUT126 IP 126	0	-0.204617	-0.389169	0.280586
OUT126 IP 126	1	0.773191	0.151794	-0.197939
OUT126 IP 126	2	-0.30446	-0.449278	-0.285833
OUT126 IP 126	3	0.166696	-0.25719	0.153143
OUT126 IP 126	4	-2.17474	1.82575	2.7694
OUT126 IP 126	5	-1.70102	2.78401	2.1402
OUT126 IP 126	6	-2.97645	2.75172	3.82149
OUT126 IP 126	7	1.5745	-0.382356	1.20245
OUT126 IP 126	8	0.515793	0.186448	-0.236123
OUT126 IP 126	9	0.859899	-0.163701	-0.775021
OUT126 IP 126	10	0.94158	0.193173	-0.25641
OUT126 IP 126	11	-0.372163	0.143956	0.0835349
OUT126 IP 126	12	-0.109657	0.504274	0.323556
OUT126 IP 126	13	-0.419613	-0.132114	-0.0967774
OUT126 IP 126	14	0.183046	0.176649	-0.119532
OUT126 IP 126	15	-0.449416	-0.345207	-0.452286
OUT126 IP 126	16	-1.61241	1.18641	1.04516
OUT126 IP 126	17	-0.156804	-0.00607997	-0.0112882
OUT126 IP 126	18	-0.504145	0.697312	0.60916
OUT126 IP 126	19	-0.342443	0.678495	-0.43545
OUT126 IP 126	20	0.822483	0.528197	0.286435
OUT126 IP 126	21	0.133288	-0.206643	-0.0606853
OUT126 IP 126	22	-0.773944	0.836593	0.304354
OUT126 IP 126	23	-0.183921	0.426711	0.344817
OUT126 IP 126	24	0.101987	0.110515	0.123374
OUT126 IP 126	25	-0.158856	0.13298	0.0339684
OUT126 IP 126	26	-0.153361	0.110398	-0.122228
OUT126 IP 126	27	-0.0236313	-0.242743	0.238761
OUT126 JetStat	126	1	1	0	0
OUT126 JET 126	0	-9.26291	9.79687	10.6332	
OUT126 CON	126	0	23	0	0	
OUT126 CON	126	0	5	0	0	
OUT126 CON	126	0	18	0	0	
OUT126 CON	126	0	16	0	0	
OUT126 CON	126	0	4	0	0	
OUT126 CON	126	0	6	0	0	
OUT126 END	126	0	0	0	0
