OUT269 START	269	0	0	0	0
OUT269 LP	269	0	-1.87099	2.56109	1.39691
OUT269 IP 269	0	-0.102988	0.6604	-0.598508
OUT269 IP 269	1	-0.415051	0.446983	0.524278
OUT269 IP 269	2	-0.146358	-0.229971	0.124372
OUT269 IP 269	3	-0.678802	2.08332	-0.630545
OUT269 IP 269	4	0.136522	0.539613	-0.402841
OUT269 IP 269	5	-0.266487	0.422688	0.497207
OUT269 IP 269	6	-1.01804	-0.223609	0.277348
OUT269 IP 269	7	0.249483	-0.643027	0.0268879
OUT269 IP 269	8	-0.0948176	-0.561847	-0.293564
OUT269 IP 269	9	-1.0483	-0.155872	-0.847648
OUT269 IP 269	10	1.53464	-0.544867	-1.64129
OUT269 IP 269	11	0.710804	0.548155	0.271524
OUT269 IP 269	12	0.132594	0.210742	-0.100307
OUT269 IP 269	13	-0.170082	-0.0273452	-0.0294073
OUT269 IP 269	14	-0.506735	3.06847	0.424058
OUT269 IP 269	15	-0.317416	-0.050904	0.113726
OUT269 IP 269	16	-0.0900152	0.842391	0.361643
OUT269 IP 269	17	-0.437821	-0.124448	0.422677
OUT269 IP 269	18	-0.107117	0.726042	0.690605
OUT269 IP 269	19	-0.122895	-0.242977	-0.0200831
OUT269 IP 269	20	-1.03443	1.272	0.824739
OUT269 IP 269	21	-0.754774	1.05415	0.571464
OUT269 IP 269	22	-1.10441	1.54805	1.20155
OUT269 IP 269	23	-1.28465	1.323	1.20977
OUT269 IP 269	24	-1.87099	2.56109	1.39691
OUT269 IP 269	25	-1.5459	1.82022	1.87406
OUT269 IP 269	26	0.208187	-0.19169	-0.149216
OUT269 IP 269	27	-0.563422	0.0170185	0.527623
OUT269 IP 269	28	-0.43445	-1.03779	0.90558
OUT269 IP 269	29	-0.590571	-0.0470638	-0.385975
OUT269 IP 269	30	0.0123278	0.23017	-0.124976
OUT269 IP 269	31	0.0400974	-0.164359	0.0596987
OUT269 IP 269	32	-0.268508	0.287095	0.257819
OUT269 IP 269	33	-0.2115	-0.0224115	-0.053097
OUT269 IP 269	34	-0.391155	0.256116	-0.341872
OUT269 IP 269	35	-0.161143	-0.106045	-0.173911
OUT269 IP 269	36	-0.0402315	0.392063	0.0462004
OUT269 IP 269	37	-0.266993	0.215434	-0.26855
OUT269 JetStat	269	2	2	0	0
OUT269 JET 269	0	-8.55981	10.7534	8.28342	
OUT269 CON	269	0	5	0	0	
OUT269 CON	269	0	1	0	0	
OUT269 CON	269	0	25	0	0	
OUT269 CON	269	0	23	0	0	
OUT269 CON	269	0	32	0	0	
OUT269 CON	269	0	22	0	0	
OUT269 CON	269	0	20	0	0	
OUT269 CON	269	0	21	0	0	
OUT269 CON	269	0	24	0	0	
OUT269 JET 269	1	-0.637192	4.30443	0.825191	
OUT269 CON	269	1	16	0	0	
OUT269 CON	269	1	14	0	0	
OUT269 CON	269	1	36	0	0	
OUT269 END	269	0	0	0	0
