OUT130 START	130	0	0	0	0
OUT130 LP	130	0	-2.66687	0.194744	0.704896
OUT130 IP 130	0	0.300558	0.383018	-0.179618
OUT130 IP 130	1	0.0517861	0.210145	-0.0695557
OUT130 IP 130	2	0.980557	-1.7752	1.50801
OUT130 IP 130	3	0.172459	-0.0405426	-0.0570404
OUT130 IP 130	4	0.432633	-0.0360136	0.245762
OUT130 IP 130	5	0.0486688	0.255624	-0.00973797
OUT130 IP 130	6	-0.122998	0.129842	-0.0868137
OUT130 IP 130	7	-0.33368	0.154244	0.279857
OUT130 IP 130	8	-0.466422	-0.0323396	-0.0605391
OUT130 IP 130	9	0.580206	0.593264	0.0795027
OUT130 IP 130	10	0.863828	0.869724	0.743852
OUT130 IP 130	11	-0.444951	0.653082	0.235356
OUT130 IP 130	12	-0.496938	-0.289353	-0.353733
OUT130 IP 130	13	-0.489939	-0.0884732	-0.00756635
OUT130 IP 130	14	-0.0818786	0.209023	-0.157517
OUT130 IP 130	15	-0.00906033	-0.252033	-0.22117
OUT130 IP 130	16	-1.03569	0.291567	0.32224
OUT130 IP 130	17	-1.56144	0.142619	0.710147
OUT130 IP 130	18	-1.88277	-0.407332	0.340172
OUT130 IP 130	19	0.61359	0.0661863	-0.0450554
OUT130 IP 130	20	0.555355	-1.21452	0.940936
OUT130 IP 130	21	0.333389	-0.157955	0.0101574
OUT130 IP 130	22	0.0540786	-0.331126	0.0930374
OUT130 IP 130	23	-0.241316	0.459543	0.276315
OUT130 IP 130	24	0.0165468	0.36364	-0.0709521
OUT130 IP 130	25	-0.117522	0.51205	0.134174
OUT130 IP 130	26	-0.112026	-0.272264	-0.121546
OUT130 IP 130	27	-0.124693	-0.388399	-0.308305
OUT130 IP 130	28	-0.243941	0.0474873	-0.185534
OUT130 IP 130	29	-0.864866	0.188165	0.368765
OUT130 IP 130	30	-2.66687	0.194744	0.704896
OUT130 IP 130	31	-1.40311	-0.135283	0.655173
OUT130 IP 130	32	0.141124	-0.135694	0.0013308
OUT130 JetStat	130	2	2	0	0
OUT130 JET 130	0	-10.035	0.187726	3.07183	
OUT130 CON	130	0	13	0	0	
OUT130 CON	130	0	18	0	0	
OUT130 CON	130	0	31	0	0	
OUT130 CON	130	0	16	0	0	
OUT130 CON	130	0	29	0	0	
OUT130 CON	130	0	17	0	0	
OUT130 CON	130	0	30	0	0	
OUT130 JET 130	1	1.53696	-2.99178	2.44865	
OUT130 CON	130	1	2	0	0	
OUT130 CON	130	1	20	0	0	
OUT130 END	130	0	0	0	0
