OUT1 START	1	0	0	0	0
OUT1 LP	1	0	-3.64753	7.38307	-6.79589
OUT1 IP 1	0	-1.30888	3.26196	-3.17439
OUT1 IP 1	1	-0.212786	0.369805	-0.374385
OUT1 IP 1	2	-0.355232	0.79856	-0.740219
OUT1 IP 1	3	0.0731538	-0.40545	-0.135488
OUT1 IP 1	4	0.328385	-0.0211227	0.0890144
OUT1 IP 1	5	0.832303	-0.553785	-0.51209
OUT1 IP 1	6	0.692328	-0.241654	-0.0725804
OUT1 IP 1	7	-0.13939	-0.329397	0.100617
OUT1 IP 1	8	-0.212809	-0.434343	-0.480418
OUT1 IP 1	9	-0.585683	0.144122	0.212546
OUT1 IP 1	10	0.0528854	-0.985718	0.552486
OUT1 IP 1	11	-0.489964	-0.208524	0.21756
OUT1 IP 1	12	-0.0792956	-0.489362	0.459761
OUT1 IP 1	13	-0.570324	-0.0671186	0.587177
OUT1 IP 1	14	-0.603357	-0.144747	0.445021
OUT1 IP 1	15	-0.148536	-0.388519	0.0301564
OUT1 IP 1	16	1.97249	1.72917	1.40773
OUT1 IP 1	17	0.72463	1.51941	0.162159
OUT1 IP 1	18	1.61143	3.76971	0.284261
OUT1 IP 1	19	0.995559	2.90318	-0.331269
OUT1 IP 1	20	-0.393145	-0.113448	-0.00501033
OUT1 IP 1	21	-3.64753	7.38307	-6.79589
OUT1 IP 1	22	-0.588527	0.829652	-0.677222
OUT1 IP 1	23	0.19226	-0.882716	-0.419687
OUT1 IP 1	24	0.207451	-0.583619	0.0777105
OUT1 IP 1	25	0.207375	1.12251	-0.676325
OUT1 IP 1	26	-0.725725	0.111585	0.598618
OUT1 IP 1	27	-0.179328	-0.243439	0.185626
OUT1 IP 1	28	-0.142628	0.187587	0.203323
OUT1 IP 1	29	0.572853	0.439627	0.124393
OUT1 IP 1	30	-0.0486742	0.57225	-0.258749
OUT1 IP 1	31	0.362706	0.227515	0.165406
OUT1 IP 1	32	0.145865	0.569579	-0.249461
OUT1 IP 1	33	0.36901	0.244135	0.0644378
OUT1 IP 1	34	0.457281	0.884683	0.629026
OUT1 IP 1	35	0.176968	0.0570409	-0.173607
OUT1 IP 1	36	0.206293	0.513363	0.0642218
OUT1 IP 1	37	-0.279566	-0.043432	-0.0530047
OUT1 IP 1	38	0.0323894	0.241378	-0.222355
OUT1 IP 1	39	0.263585	-0.0313487	-0.154172
OUT1 IP 1	40	0.252568	0.149538	-0.0427737
OUT1 IP 1	41	0.174567	-0.0268956	0.0589853
OUT1 IP 1	42	0.226186	-0.106041	0.166997
OUT1 IP 1	43	-0.205012	0.593388	-0.34945
OUT1 IP 1	44	-0.168907	0.0703228	-0.0859763
OUT1 IP 1	45	-1.34212	-0.461659	0.82015
OUT1 IP 1	46	-0.187141	-0.0746795	0.0644248
OUT1 IP 1	47	0.139568	-0.157098	0.184421
OUT1 JetStat	1	3	3	0	0
OUT1 JET 1	0	-6.33072	13.2618	-12.0884	
OUT1 CON	1	0	43	0	0	
OUT1 CON	1	0	22	0	0	
OUT1 CON	1	0	0	0	0	
OUT1 CON	1	0	1	0	0	
OUT1 CON	1	0	2	0	0	
OUT1 CON	1	0	21	0	0	
OUT1 JET 1	1	3.54103	8.71341	0.179404	
OUT1 CON	1	1	19	0	0	
OUT1 CON	1	1	36	0	0	
OUT1 CON	1	1	17	0	0	
OUT1 CON	1	1	18	0	0	
OUT1 JET 1	2	3.2829	2.64496	1.74342	
OUT1 CON	1	2	16	0	0	
OUT1 CON	1	2	31	0	0	
OUT1 CON	1	2	29	0	0	
OUT1 CON	1	2	33	0	0	
OUT1 END	1	0	0	0	0
