OUT35 START	35	0	0	0	0
OUT35 LP	35	0	-6.22543	-1.59317	1.07266
OUT35 IP 35	0	-2.08966	-0.00434358	0.280636
OUT35 IP 35	1	-1.04577	-0.402479	0.105551
OUT35 IP 35	2	1.01017	-0.356794	0.317471
OUT35 IP 35	3	0.460891	1.28959	1.10185
OUT35 IP 35	4	-0.0393133	0.236958	0.0789872
OUT35 IP 35	5	-0.924333	0.392177	-0.234733
OUT35 IP 35	6	0.22642	-0.0569223	-0.223906
OUT35 IP 35	7	0.126599	0.175171	0.0381948
OUT35 IP 35	8	0.0398584	0.523544	0.365685
OUT35 IP 35	9	-0.719456	-0.168134	-0.0924042
OUT35 IP 35	10	-0.10294	0.217466	-0.236727
OUT35 IP 35	11	-6.22543	-1.59317	1.07266
OUT35 IP 35	12	-0.682192	-0.114345	-0.105073
OUT35 IP 35	13	0.798069	0.650403	0.897589
OUT35 IP 35	14	-0.44929	-0.256627	-0.191945
OUT35 IP 35	15	-0.708811	-0.43033	0.200556
OUT35 IP 35	16	0.0396884	0.273771	0.0663787
OUT35 IP 35	17	-0.0228189	0.517087	-0.1064
OUT35 IP 35	18	0.343293	-0.340194	-0.0795047
OUT35 JetStat	35	1	1	0	0
OUT35 JET 35	0	-11.5766	-2.73815	1.45837	
OUT35 CON	35	0	15	0	0	
OUT35 CON	35	0	12	0	0	
OUT35 CON	35	0	9	0	0	
OUT35 CON	35	0	0	0	0	
OUT35 CON	35	0	1	0	0	
OUT35 CON	35	0	11	0	0	
OUT35 END	35	0	0	0	0
