OUT181 START	181	0	0	0	0
OUT181 LP	181	0	5.92201	-0.815416	-3.36073
OUT181 IP 181	0	-1.32661	-0.136075	0.457354
OUT181 IP 181	1	-1.63279	-0.488421	1.44283
OUT181 IP 181	2	-1.79261	0.103554	-0.552317
OUT181 IP 181	3	-0.898043	-0.119577	0.208004
OUT181 IP 181	4	-0.296969	-0.199476	0.105492
OUT181 IP 181	5	-2.25471	-1.54258	-0.2702
OUT181 IP 181	6	-0.863508	-0.15186	-0.0109416
OUT181 IP 181	7	-0.383287	0.756501	-0.651882
OUT181 IP 181	8	-0.371933	0.664634	-0.00356757
OUT181 IP 181	9	0.0950376	-0.20239	-0.174466
OUT181 IP 181	10	-0.293559	0.796048	-0.289914
OUT181 IP 181	11	0.934449	0.166217	0.710676
OUT181 IP 181	12	0.541271	0.051432	0.208783
OUT181 IP 181	13	-0.605238	-0.234954	-0.184507
OUT181 IP 181	14	0.137671	0.1692	-0.210925
OUT181 IP 181	15	-0.802594	-0.449823	-0.193376
OUT181 IP 181	16	-2.35608	-1.28869	0.980937
OUT181 IP 181	17	-0.359805	-0.972005	0.0478939
OUT181 IP 181	18	-0.218067	-1.1372	-0.224832
OUT181 IP 181	19	0.376056	-0.0659809	-0.351223
OUT181 IP 181	20	0.22132	0.28231	0.00515964
OUT181 IP 181	21	-0.0511218	0.533559	0.0250049
OUT181 IP 181	22	-0.067239	0.141981	0.0907566
OUT181 IP 181	23	0.334819	0.457937	0.305545
OUT181 IP 181	24	0.374568	-0.102969	-0.31707
OUT181 IP 181	25	0.565614	0.683338	-0.826783
OUT181 IP 181	26	1.15126	0.499897	-1.26195
OUT181 IP 181	27	-0.583987	-0.0274835	0.454489
OUT181 IP 181	28	-0.199434	-0.136155	0.170337
OUT181 IP 181	29	0.107211	-0.214696	0.118958
OUT181 IP 181	30	-0.536451	-0.114723	0.078239
OUT181 IP 181	31	0.118405	-0.266023	-0.275143
OUT181 IP 181	32	0.421668	0.465599	0.351723
OUT181 IP 181	33	1.92058	0.129627	-1.31366
OUT181 IP 181	34	5.92201	-0.815416	-3.36073
OUT181 IP 181	35	1.79021	-0.482487	-1.793
OUT181 IP 181	36	0.679586	-0.295682	-0.357608
OUT181 IP 181	37	0.443062	0.241826	-0.454774
OUT181 IP 181	38	0.762537	-0.52728	-0.911956
OUT181 IP 181	39	-0.206885	-0.443416	0.0158454
OUT181 IP 181	40	-0.0831897	0.576443	-0.553598
OUT181 IP 181	41	-0.360681	-0.168353	0.376029
OUT181 IP 181	42	-0.746506	-0.116466	0.495893
OUT181 IP 181	43	-0.153456	0.0466615	-0.126757
OUT181 IP 181	44	-0.572533	0.225884	-0.158536
OUT181 IP 181	45	-0.359735	0.130238	-0.114289
OUT181 IP 181	46	1.05348	-0.744592	-0.90343
OUT181 JetStat	181	4	4	0	0
OUT181 JET 181	0	11.1476	-1.64512	-7.42673	
OUT181 CON	181	0	36	0	0	
OUT181 CON	181	0	35	0	0	
OUT181 CON	181	0	19	0	0	
OUT181 CON	181	0	24	0	0	
OUT181 CON	181	0	33	0	0	
OUT181 CON	181	0	34	0	0	
OUT181 JET 181	1	-5.72271	-2.0322	1.99005	
OUT181 CON	181	1	30	0	0	
OUT181 CON	181	1	0	0	0	
OUT181 CON	181	1	3	0	0	
OUT181 CON	181	1	28	0	0	
OUT181 CON	181	1	4	0	0	
OUT181 CON	181	1	16	0	0	
OUT181 JET 181	2	-4.58504	-2.40596	-0.656539	
OUT181 CON	181	2	6	0	0	
OUT181 CON	181	2	13	0	0	
OUT181 CON	181	2	5	0	0	
OUT181 CON	181	2	15	0	0	
OUT181 JET 181	3	-3.34679	-0.806065	2.76244	
OUT181 CON	181	3	27	0	0	
OUT181 CON	181	3	42	0	0	
OUT181 CON	181	3	1	0	0	
OUT181 CON	181	3	41	0	0	
OUT181 END	181	0	0	0	0
