OUT186 START	186	0	0	0	0
OUT186 LP	186	0	4.77356	-3.30058	1.52615
OUT186 IP 186	0	0.665476	-0.352807	0.369501
OUT186 IP 186	1	4.77356	-3.30058	1.52615
OUT186 IP 186	2	-0.504438	1.01435	0.0920092
OUT186 IP 186	3	0.572944	0.320087	-0.435298
OUT186 IP 186	4	-0.51231	-0.273879	0.205518
OUT186 IP 186	5	0.215528	0.277504	0.0413136
OUT186 IP 186	6	0.455321	0.147098	-0.372151
OUT186 IP 186	7	1.43745	1.06815	-0.577808
OUT186 IP 186	8	3.69882	2.33071	-1.49641
OUT186 IP 186	9	2.58252	2.23774	-0.944496
OUT186 IP 186	10	1.81046	2.01905	-0.982519
OUT186 IP 186	11	0.407038	0.0227553	-0.156599
OUT186 IP 186	12	0.466832	0.669323	0.444048
OUT186 IP 186	13	1.42954	0.656289	1.30809
OUT186 IP 186	14	-1.61252	0.089468	-1.27394
OUT186 IP 186	15	0.0635216	-0.195642	0.130669
OUT186 IP 186	16	-1.33787	-3.21086	3.29091
OUT186 IP 186	17	-0.411414	-1.76879	1.27355
OUT186 IP 186	18	0.758915	-0.16721	0.137679
OUT186 IP 186	19	0.576677	0.173647	-0.43265
OUT186 IP 186	20	0.32242	0.604691	-0.590738
OUT186 IP 186	21	0.668005	0.42074	-0.208421
OUT186 IP 186	22	-1.25431	-0.197266	0.461867
OUT186 IP 186	23	-0.935498	-0.806948	-0.70766
OUT186 IP 186	24	-0.17247	-0.162748	0.208932
OUT186 IP 186	25	-0.524083	0.0443891	-0.234822
OUT186 IP 186	26	0.039527	-1.02249	0.436719
OUT186 IP 186	27	1.48994	1.64925	-1.12666
OUT186 IP 186	28	0.673683	0.271945	-0.02185
OUT186 IP 186	29	0.274091	0.186243	-0.261245
OUT186 IP 186	30	1.46247	-0.458819	1.552
OUT186 IP 186	31	-0.0913815	-0.184843	-0.113975
OUT186 IP 186	32	-0.249667	0.00672633	0.16361
OUT186 IP 186	33	0.223586	-0.135413	-0.109021
OUT186 IP 186	34	-0.00127956	-0.775777	0.135714
OUT186 IP 186	35	0.0756141	-0.185801	0.192958
OUT186 IP 186	36	0.290752	-0.422048	-0.249346
OUT186 IP 186	37	-0.0797543	0.152386	-0.0271628
OUT186 IP 186	38	-0.4058	0.166122	0.101429
OUT186 JetStat	186	3	3	0	0
OUT186 JET 186	0	12.62	10.303	-5.99725	
OUT186 CON	186	0	29	0	0	
OUT186 CON	186	0	3	0	0	
OUT186 CON	186	0	27	0	0	
OUT186 CON	186	0	10	0	0	
OUT186 CON	186	0	9	0	0	
OUT186 CON	186	0	7	0	0	
OUT186 CON	186	0	8	0	0	
OUT186 CON	186	0	21	0	0	
OUT186 JET 186	1	6.24551	-3.84433	2.0271	
OUT186 CON	186	1	18	0	0	
OUT186 CON	186	1	0	0	0	
OUT186 CON	186	1	1	0	0	
OUT186 JET 186	2	-1.75447	-4.9953	4.54669	
OUT186 CON	186	2	16	0	0	
OUT186 CON	186	2	17	0	0	
OUT186 END	186	0	0	0	0
