OUT134 START	134	0	0	0	0
OUT134 LP	134	0	-2.08596	-1.6558	0.477734
OUT134 IP 134	0	0.528231	0.914299	0.935585
OUT134 IP 134	1	-0.459911	-0.26631	-0.0422593
OUT134 IP 134	2	0.857476	-0.937106	-0.226674
OUT134 IP 134	3	-0.284334	-0.487124	-0.464662
OUT134 IP 134	4	0.268923	-0.185898	-0.16141
OUT134 IP 134	5	-1.07282	-1.35382	0.737883
OUT134 IP 134	6	-0.00231221	-0.922849	-0.533501
OUT134 IP 134	7	-2.08596	-1.6558	0.477734
OUT134 IP 134	8	-0.531515	0.109406	-0.051435
OUT134 IP 134	9	0.798702	0.352175	0.746419
OUT134 IP 134	10	0.553587	-0.352445	-0.341469
OUT134 IP 134	11	-0.410262	-0.130635	-0.148868
OUT134 IP 134	12	0.281899	-0.031929	0.192841
OUT134 IP 134	13	-0.155061	-0.489968	-0.140102
OUT134 IP 134	14	-1.44427	-1.32333	0.438542
OUT134 IP 134	15	-0.978327	-0.719453	0.203139
OUT134 IP 134	16	-0.551395	0.112608	0.202117
OUT134 IP 134	17	-0.350146	0.157133	0.203011
OUT134 IP 134	18	-0.714275	-0.74931	0.421937
OUT134 IP 134	19	-0.781997	-0.918527	0.0876649
OUT134 IP 134	20	0.517163	0.0486301	-0.178568
OUT134 IP 134	21	0.354092	0.328653	-0.451207
OUT134 IP 134	22	0.25934	0.208859	0.0826155
OUT134 IP 134	23	-0.70778	-1.20728	0.0878392
OUT134 IP 134	24	-1.34373	-1.27987	0.732116
OUT134 IP 134	25	0.355651	0.751557	0.0419797
OUT134 IP 134	26	-0.262194	-0.514808	-0.528903
OUT134 IP 134	27	0.162506	-0.211736	-0.222333
OUT134 IP 134	28	0.419864	0.363812	-0.100982
OUT134 IP 134	29	1.29941	0.344216	-0.183053
OUT134 JetStat	134	1	1	0	0
OUT134 JET 134	0	-9.19386	-9.27635	3.16029	
OUT134 CON	134	0	23	0	0	
OUT134 CON	134	0	5	0	0	
OUT134 CON	134	0	18	0	0	
OUT134 CON	134	0	24	0	0	
OUT134 CON	134	0	19	0	0	
OUT134 CON	134	0	14	0	0	
OUT134 CON	134	0	7	0	0	
OUT134 CON	134	0	15	0	0	
OUT134 END	134	0	0	0	0
