OUT89 START	89	0	0	0	0
OUT89 LP	89	0	-3.54701	1.9699	0.0489783
OUT89 IP 89	0	0.208641	-0.314484	-0.290686
OUT89 IP 89	1	0.522198	-0.458472	-0.656475
OUT89 IP 89	2	-0.028295	-0.320463	0.162261
OUT89 IP 89	3	0.834566	-0.451746	-0.419315
OUT89 IP 89	4	0.134939	0.299296	-0.142815
OUT89 IP 89	5	0.162515	0.334843	0.235001
OUT89 IP 89	6	0.783208	-1.70632	1.92016
OUT89 IP 89	7	-0.114915	-0.640534	0.207096
OUT89 IP 89	8	-0.781136	0.105826	0.809119
OUT89 IP 89	9	0.00144648	-0.99279	-0.634453
OUT89 IP 89	10	-0.395691	0.0894175	0.086828
OUT89 IP 89	11	-1.30335	-1.80833	2.16076
OUT89 IP 89	12	0.0416253	-0.230808	0.100838
OUT89 IP 89	13	-0.989591	-0.606276	-0.285985
OUT89 IP 89	14	-1.2022	0.45696	0.171825
OUT89 IP 89	15	-1.04131	-0.0362522	0.566663
OUT89 IP 89	16	-4.57518	1.76908	0.548112
OUT89 IP 89	17	-0.256001	0.832026	-0.117373
OUT89 IP 89	18	-0.454238	0.599176	-0.0893554
OUT89 IP 89	19	0.00921508	-0.273581	0.0665233
OUT89 IP 89	20	-0.38016	0.147125	-0.0983728
OUT89 IP 89	21	-0.293195	1.28757	-0.447715
OUT89 IP 89	22	-0.331627	0.0242248	-0.064329
OUT89 IP 89	23	0.541297	-0.252834	-0.316752
OUT89 IP 89	24	0.0384623	-0.177127	-0.14176
OUT89 IP 89	25	0.714652	-0.084442	-0.0304016
OUT89 IP 89	26	-0.579097	-0.0229906	-0.297203
OUT89 IP 89	27	-0.455516	-0.689392	0.809744
OUT89 IP 89	28	-0.324292	0.0772766	0.271238
OUT89 IP 89	29	-3.54701	1.9699	0.0489783
OUT89 IP 89	30	0.110665	0.26873	-0.180121
OUT89 IP 89	31	-0.138896	-1.99759	1.89148
OUT89 IP 89	32	-0.390048	0.263162	-0.0179967
OUT89 IP 89	33	-0.331905	0.393625	-0.51849
OUT89 IP 89	34	0.140987	-0.154314	-0.0133536
OUT89 IP 89	35	-0.312172	-0.375603	0.168385
OUT89 IP 89	36	-0.183651	0.111076	0.163945
OUT89 IP 89	37	-1.99183	0.847636	1.61969
OUT89 JetStat	89	3	3	0	0
OUT89 JET 89	0	-10.5261	4.71183	0.738521	
OUT89 CON	89	0	20	0	0	
OUT89 CON	89	0	29	0	0	
OUT89 CON	89	0	32	0	0	
OUT89 CON	89	0	10	0	0	
OUT89 CON	89	0	14	0	0	
OUT89 CON	89	0	16	0	0	
OUT89 JET 89	1	-3.30667	1.15007	2.85305	
OUT89 CON	89	1	8	0	0	
OUT89 CON	89	1	28	0	0	
OUT89 CON	89	1	36	0	0	
OUT89 CON	89	1	37	0	0	
OUT89 JET 89	2	-1.75915	-2.49813	2.97049	
OUT89 CON	89	2	11	0	0	
OUT89 CON	89	2	27	0	0	
OUT89 END	89	0	0	0	0
