OUT146 START	146	0	0	0	0
OUT146 LP	146	0	-4.65504	-1.39447	2.47711
OUT146 IP 146	0	0.820899	-0.721315	-0.480156
OUT146 IP 146	1	0.162096	0.257614	0.184911
OUT146 IP 146	2	-0.326941	0.919287	-0.25543
OUT146 IP 146	3	-1.11106	-0.0440069	-0.264979
OUT146 IP 146	4	-1.93371	0.940331	2.12557
OUT146 IP 146	5	-1.04849	0.649964	0.0345673
OUT146 IP 146	6	-0.62339	2.34023	0.0959412
OUT146 IP 146	7	-4.65504	-1.39447	2.47711
OUT146 IP 146	8	-0.849491	0.63099	-0.715913
OUT146 IP 146	9	0.476401	-0.22135	-0.032511
OUT146 IP 146	10	-0.236318	0.591455	-0.108763
OUT146 IP 146	11	-0.167282	0.468099	0.0626391
OUT146 IP 146	12	0.283029	-0.183772	0.344931
OUT146 IP 146	13	0.182031	-0.353439	-0.052561
OUT146 IP 146	14	0.483862	-0.328874	-0.560426
OUT146 IP 146	15	-0.313478	0.311436	0.153477
OUT146 IP 146	16	-0.343477	-0.0991064	0.216558
OUT146 IP 146	17	-1.35833	-0.262188	0.306152
OUT146 IP 146	18	-0.75507	-0.366043	0.0718794
OUT146 IP 146	19	-2.6996	-0.1608	1.18888
OUT146 IP 146	20	-0.0717941	0.184411	-0.0886748
OUT146 IP 146	21	-0.487406	-0.0914893	0.309084
OUT146 IP 146	22	-1.00734	0.120659	0.151373
OUT146 IP 146	23	-1.26539	1.59522	0.645544
OUT146 IP 146	24	0.0590101	0.244349	0.190862
OUT146 IP 146	25	-0.637738	-0.153887	0.368169
OUT146 IP 146	26	2.47056	0.801912	2.60218
OUT146 IP 146	27	-2.08838	-0.0743791	-1.32678
OUT146 IP 146	28	-0.0954106	0.211043	-0.106982
OUT146 IP 146	29	0.0130043	-0.153013	0.0270843
OUT146 IP 146	30	0.345484	-0.486491	0.122876
OUT146 IP 146	31	0.271777	-0.0112932	0.041757
OUT146 IP 146	32	-0.347689	0.285367	0.377322
OUT146 IP 146	33	0.378458	0.0134474	-0.177784
OUT146 IP 146	34	-0.0582423	-0.157467	-0.00349136
OUT146 IP 146	35	0.405762	0.354552	0.402383
OUT146 IP 146	36	-0.933372	-0.637847	-0.500042
OUT146 IP 146	37	-0.269053	-0.0273957	-0.0968884
OUT146 JetStat	146	3	3	0	0
OUT146 JET 146	0	-10.2288	-2.1709	4.84466	
OUT146 CON	146	0	17	0	0	
OUT146 CON	146	0	19	0	0	
OUT146 CON	146	0	21	0	0	
OUT146 CON	146	0	16	0	0	
OUT146 CON	146	0	7	0	0	
OUT146 CON	146	0	25	0	0	
OUT146 JET 146	1	-1.42745	4.50887	-0.288575	
OUT146 CON	146	1	20	0	0	
OUT146 CON	146	1	2	0	0	
OUT146 CON	146	1	10	0	0	
OUT146 CON	146	1	6	0	0	
OUT146 CON	146	1	11	0	0	
OUT146 JET 146	2	-3.46901	-0.145813	-1.66633	
OUT146 CON	146	2	27	0	0	
OUT146 CON	146	2	3	0	0	
OUT146 CON	146	2	37	0	0	
OUT146 END	146	0	0	0	0
