OUT157 START	157	0	0	0	0
OUT157 LP	157	0	-2.1141	4.83964	-3.85042
OUT157 IP 157	0	-0.434648	-0.123127	0.0139299
OUT157 IP 157	1	1.15248	0.200311	-0.991851
OUT157 IP 157	2	0.87049	-1.85647	-0.0153548
OUT157 IP 157	3	0.338303	-1.50024	0.329446
OUT157 IP 157	4	0.298453	-1.01448	0.0276353
OUT157 IP 157	5	-2.1141	4.83964	-3.85042
OUT157 IP 157	6	0.689837	-0.647126	-0.132821
OUT157 IP 157	7	2.51092	-1.10676	0.880566
OUT157 IP 157	8	1.45524	-1.52766	-0.930491
OUT157 IP 157	9	1.1981	-0.0434499	0.705722
OUT157 IP 157	10	0.63104	-0.176513	0.138516
OUT157 IP 157	11	0.019796	0.447719	-0.117945
OUT157 IP 157	12	0.300983	0.361247	0.442929
OUT157 IP 157	13	0.301913	1.45884	0.316576
OUT157 IP 157	14	0.226435	0.468142	0.468824
OUT157 IP 157	15	0.0872237	0.223732	-0.095927
OUT157 IP 157	16	-0.189629	-0.0450221	-0.12912
OUT157 IP 157	17	-0.12937	1.26116	-0.921975
OUT157 IP 157	18	0.312909	0.376561	-0.204512
OUT157 IP 157	19	-0.248832	-0.0283531	0.123531
OUT157 IP 157	20	0.554966	0.78686	0.0410714
OUT157 IP 157	21	0.673708	-1.7095	-0.898008
OUT157 IP 157	22	0.818731	-1.96831	-0.763696
OUT157 IP 157	23	-0.142013	0.148375	0.0740259
OUT157 IP 157	24	1.51957	-2.93708	-0.062321
OUT157 IP 157	25	0.513242	-1.43746	-0.381647
OUT157 JetStat	157	4	4	0	0
OUT157 JET 157	0	4.7024	-10.9428	-2.0517	
OUT157 CON	157	0	21	0	0	
OUT157 CON	157	0	22	0	0	
OUT157 CON	157	0	25	0	0	
OUT157 CON	157	0	4	0	0	
OUT157 CON	157	0	2	0	0	
OUT157 CON	157	0	24	0	0	
OUT157 JET 157	1	-2.25739	6.14767	-4.77239	
OUT157 CON	157	1	5	0	0	
OUT157 CON	157	1	17	0	0	
OUT157 JET 157	2	3.14698	-1.28516	1.01826	
OUT157 CON	157	2	7	0	0	
OUT157 CON	157	2	10	0	0	
OUT157 JET 157	3	2.14581	-2.17552	-1.05499	
OUT157 CON	157	3	6	0	0	
OUT157 CON	157	3	8	0	0	
OUT157 END	157	0	0	0	0
