OUT235 START	235	0	0	0	0
OUT235 LP	235	0	-7.1467	2.27509	-2.96
OUT235 IP 235	0	-3.49573	1.42676	-1.9249
OUT235 IP 235	1	-0.33963	0.10195	-0.00549146
OUT235 IP 235	2	0.360457	0.625164	-0.174448
OUT235 IP 235	3	0.191291	-0.489986	-0.410456
OUT235 IP 235	4	1.34651	-0.144516	-1.22455
OUT235 IP 235	5	0.228652	-0.471941	-0.314856
OUT235 IP 235	6	0.891262	-0.459801	-0.818042
OUT235 IP 235	7	1.36092	2.54224	-0.119744
OUT235 IP 235	8	1.00212	1.90521	0.205182
OUT235 IP 235	9	-7.1467	2.27509	-2.96
OUT235 IP 235	10	-3.65041	0.917773	-1.0787
OUT235 IP 235	11	0.174426	0.333816	0.260034
OUT235 IP 235	12	0.286281	0.936185	-0.784533
OUT235 IP 235	13	0.41355	0.528886	0.0723491
OUT235 IP 235	14	-0.141184	0.211916	0.13657
OUT235 IP 235	15	0.0169164	-0.29872	0.131005
OUT235 IP 235	16	-0.792321	0.312509	-0.312018
OUT235 IP 235	17	-1.0822	0.423602	-0.492319
OUT235 IP 235	18	1.09669	0.528575	-1.16946
OUT235 JetStat	235	2	2	0	0
OUT235 JET 235	0	-16.5283	5.46473	-6.7508	
OUT235 CON	235	0	1	0	0	
OUT235 CON	235	0	10	0	0	
OUT235 CON	235	0	0	0	0	
OUT235 CON	235	0	16	0	0	
OUT235 CON	235	0	9	0	0	
OUT235 CON	235	0	17	0	0	
OUT235 JET 235	1	3.14187	5.60931	-0.0154191	
OUT235 CON	235	1	2	0	0	
OUT235 CON	235	1	13	0	0	
OUT235 CON	235	1	7	0	0	
OUT235 CON	235	1	8	0	0	
OUT235 END	235	0	0	0	0
