OUT295 START	295	0	0	0	0
OUT295 LP	295	0	-3.82071	-2.80299	-0.475105
OUT295 IP 295	0	0.621865	-0.531644	-0.0789336
OUT295 IP 295	1	0.234513	-0.173042	-0.249054
OUT295 IP 295	2	0.36373	0.550252	-0.114497
OUT295 IP 295	3	-3.2216	-2.62954	0.71475
OUT295 IP 295	4	-3.82071	-2.80299	-0.475105
OUT295 IP 295	5	-0.00114128	0.432533	-0.0856246
OUT295 IP 295	6	0.125564	-0.210697	0.0614465
OUT295 IP 295	7	0.00218271	1.16044	0.199068
OUT295 IP 295	8	0.194994	0.013611	-0.144816
OUT295 IP 295	9	1.45702	-0.261436	-1.48518
OUT295 IP 295	10	-0.236522	-0.154979	-0.0513788
OUT295 IP 295	11	-0.0635653	-0.145012	-0.0751367
OUT295 IP 295	12	0.856433	0.373342	0.218606
OUT295 IP 295	13	0.234672	0.41392	-0.20714
OUT295 IP 295	14	-0.0453285	0.567454	0.260233
OUT295 IP 295	15	-0.0656197	-0.657216	0.0768592
OUT295 IP 295	16	-0.553331	-0.193739	0.0974232
OUT295 IP 295	17	-0.192911	-0.670232	-0.341449
OUT295 IP 295	18	-0.387372	0.568519	-0.328936
OUT295 IP 295	19	0.0931405	-0.16141	-0.191173
OUT295 IP 295	20	-0.789675	-0.255241	0.715188
OUT295 IP 295	21	-1.9977	-0.626141	0.569975
OUT295 IP 295	22	-0.602438	-0.943232	-0.0965749
OUT295 IP 295	23	0.0394774	-0.15739	-0.0218369
OUT295 IP 295	24	-0.079516	0.202744	-0.0280358
OUT295 IP 295	25	0.290754	-0.112378	0.0782387
OUT295 IP 295	26	-0.0224727	1.05168	0.228037
OUT295 IP 295	27	0.822797	1.17423	0.949501
OUT295 IP 295	28	-0.223359	-0.408558	0.151913
OUT295 IP 295	29	0.29067	0.309374	0.162174
OUT295 IP 295	30	0.188767	-0.231864	0.166014
OUT295 IP 295	31	0.00555745	-0.301286	-0.308611
OUT295 IP 295	32	-0.310616	-0.156094	-0.117803
OUT295 IP 295	33	-0.112517	0.210555	0.114172
OUT295 IP 295	34	-0.113816	0.286523	0.311273
OUT295 IP 295	35	-0.17829	0.0495834	0.0524826
OUT295 IP 295	36	-0.357827	0.0126428	-0.124339
OUT295 IP 295	37	0.319828	0.104314	0.301064
OUT295 IP 295	38	-0.285005	0.0655583	-0.256355
OUT295 IP 295	39	-0.297487	0.123517	0.0476177
OUT295 IP 295	40	0.22372	-0.115414	-0.173049
OUT295 JetStat	295	1	1	0	0
OUT295 JET 295	0	-7.92687	-6.57544	0.0894099	
OUT295 CON	295	0	22	0	0	
OUT295 CON	295	0	3	0	0	
OUT295 CON	295	0	4	0	0	
OUT295 CON	295	0	10	0	0	
OUT295 END	295	0	0	0	0
