OUT208 START	208	0	0	0	0
OUT208 LP	208	0	-4.55551	-0.318082	3.1197
OUT208 IP 208	0	0.604152	-0.278184	0.316205
OUT208 IP 208	1	0.144327	0.582049	-0.104943
OUT208 IP 208	2	-1.4208	-0.635957	0.547951
OUT208 IP 208	3	-0.942898	0.106221	0.58535
OUT208 IP 208	4	-2.77012	-0.599173	1.76178
OUT208 IP 208	5	0.444583	-0.243404	0.0993647
OUT208 IP 208	6	2.02838	0.518776	-1.55699
OUT208 IP 208	7	0.51505	0.460478	-0.480167
OUT208 IP 208	8	1.20381	0.168259	-0.534764
OUT208 IP 208	9	0.326663	-0.681117	-0.698902
OUT208 IP 208	10	-0.0471608	-0.725911	-0.127696
OUT208 IP 208	11	0.438115	1.2564	0.0435621
OUT208 IP 208	12	1.01947	0.644063	-0.883707
OUT208 IP 208	13	0.324893	-0.0293791	0.0698068
OUT208 IP 208	14	-0.53953	-0.0949428	0.0544924
OUT208 IP 208	15	-0.12569	-0.149651	-0.0387709
OUT208 IP 208	16	-0.377239	0.353993	-0.213116
OUT208 IP 208	17	-0.121898	-0.551501	-0.33836
OUT208 IP 208	18	-0.263933	-1.34151	-0.69446
OUT208 IP 208	19	0.195705	-0.692047	-0.0536072
OUT208 IP 208	20	-0.0483123	-0.345065	0.0401199
OUT208 IP 208	21	-1.50351	-2.40937	2.68258
OUT208 IP 208	22	-1.02718	-1.36369	1.70706
OUT208 IP 208	23	-4.55551	-0.318082	3.1197
OUT208 IP 208	24	-2.08871	-0.28255	0.918221
OUT208 IP 208	25	-0.657014	0.424239	0.724173
OUT208 IP 208	26	0.514573	0.366029	-0.137601
OUT208 IP 208	27	0.179022	-0.347889	0.16204
OUT208 IP 208	28	0.838064	0.70809	-0.782446
OUT208 IP 208	29	0.51182	-0.2235	0.0572296
OUT208 IP 208	30	-0.159514	-0.0162532	0.135182
OUT208 IP 208	31	0.244135	0.381323	-0.0497865
OUT208 IP 208	32	0.177493	0.010466	-0.137109
OUT208 IP 208	33	0.367241	0.280381	-0.30593
OUT208 IP 208	34	0.446036	0.164026	0.0429146
OUT208 JetStat	208	4	4	0	0
OUT208 JET 208	0	-12.0458	-1.7642	7.0278	
OUT208 CON	208	0	2	0	0	
OUT208 CON	208	0	3	0	0	
OUT208 CON	208	0	24	0	0	
OUT208 CON	208	0	4	0	0	
OUT208 CON	208	0	23	0	0	
OUT208 CON	208	0	30	0	0	
OUT208 JET 208	1	-2.533	-3.77644	4.38883	
OUT208 CON	208	1	21	0	0	
OUT208 CON	208	1	22	0	0	
OUT208 JET 208	2	3.41625	0.698747	-2.2123	
OUT208 CON	208	2	8	0	0	
OUT208 CON	208	2	6	0	0	
OUT208 CON	208	2	32	0	0	
OUT208 JET 208	3	2.74634	2.0979	-2.45181	
OUT208 CON	208	3	12	0	0	
OUT208 CON	208	3	33	0	0	
OUT208 CON	208	3	7	0	0	
OUT208 CON	208	3	28	0	0	
OUT208 END	208	0	0	0	0
