OUT104 START	104	0	0	0	0
OUT104 LP	104	0	1.09513	-2.92097	-0.105063
OUT104 IP 104	0	-0.288354	-0.429916	0.366315
OUT104 IP 104	1	0.45914	0.810079	0.716721
OUT104 IP 104	2	1.08512	-2.48499	-1.10104
OUT104 IP 104	3	1.09513	-2.92097	-0.105063
OUT104 IP 104	4	0.324998	0.301721	-0.180155
OUT104 IP 104	5	0.00359765	0.955157	-0.52352
OUT104 IP 104	6	-0.352431	-0.275035	0.0380649
OUT104 IP 104	7	0.278767	-0.0632927	-0.0579367
OUT104 IP 104	8	-0.112346	-0.108092	0.124804
OUT104 IP 104	9	0.359424	0.136658	0.369726
OUT104 IP 104	10	-0.658722	0.160423	-0.190221
OUT104 IP 104	11	-0.298319	0.250354	-0.138129
OUT104 IP 104	12	-0.521469	0.678621	0.459623
OUT104 IP 104	13	-0.962483	0.239092	-0.967569
OUT104 IP 104	14	-0.0616522	0.751696	0.503276
OUT104 IP 104	15	-0.204275	0.427834	0.103629
OUT104 IP 104	16	0.272244	0.30685	0.168991
OUT104 IP 104	17	0.311677	0.233737	-0.262708
OUT104 IP 104	18	-0.132845	0.440453	-0.366997
OUT104 IP 104	19	0.513043	0.020156	0.369298
OUT104 IP 104	20	0.538147	0.633695	0.474796
OUT104 IP 104	21	0.109124	-0.310121	0.10919
OUT104 IP 104	22	0.581461	1.59165	-1.58283
OUT104 IP 104	23	-0.152297	-0.229338	0.0571439
OUT104 IP 104	24	0.59334	-2.75099	-1.01116
OUT104 IP 104	25	-0.251824	1.18834	0.254761
OUT104 IP 104	26	-0.462194	0.610485	0.396618
OUT104 IP 104	27	-0.0472585	0.277561	-0.0692741
OUT104 IP 104	28	0.126298	0.384749	-0.210029
OUT104 IP 104	29	-0.254297	-0.140676	0.132201
OUT104 IP 104	30	0.222821	-0.0197286	-0.0640301
OUT104 IP 104	31	0.621472	1.87652	0.85399
OUT104 IP 104	32	0.216867	0.497715	-0.0887206
OUT104 IP 104	33	0.149038	0.0285887	0.0525615
OUT104 IP 104	34	0.341585	0.246775	-0.413081
OUT104 IP 104	35	-0.222445	0.0158525	-0.131141
OUT104 IP 104	36	0.199853	-0.236655	-0.072169
OUT104 IP 104	37	-0.11164	-0.11284	-0.0848257
OUT104 IP 104	38	0.654327	-2.16134	-0.634075
OUT104 IP 104	39	0.675256	-2.23743	-0.970291
OUT104 IP 104	40	0.0186727	-0.225767	-0.136632
OUT104 IP 104	41	-0.137751	-0.600014	0.00569908
OUT104 IP 104	42	0.26407	-0.164744	0.175291
OUT104 IP 104	43	0.317703	0.145355	0.318511
OUT104 IP 104	44	0.000948024	-0.166033	0.0203515
OUT104 IP 104	45	-0.359263	-0.444491	0.0159142
OUT104 IP 104	46	-0.281471	-0.412668	-0.467902
OUT104 IP 104	47	0.63442	0.558847	0.63153
OUT104 IP 104	48	0.186527	0.148308	0.212387
OUT104 IP 104	49	0.711523	0.412652	0.434774
OUT104 IP 104	50	0.4347	0.424307	0.358962
OUT104 JetStat	104	2	2	0	0
OUT104 JET 104	0	4.34265	-13.0746	-3.99378	
OUT104 CON	104	0	36	0	0	
OUT104 CON	104	0	3	0	0	
OUT104 CON	104	0	40	0	0	
OUT104 CON	104	0	2	0	0	
OUT104 CON	104	0	38	0	0	
OUT104 CON	104	0	24	0	0	
OUT104 CON	104	0	39	0	0	
OUT104 JET 104	1	3.28423	3.34317	2.98077	
OUT104 CON	104	1	1	0	0	
OUT104 CON	104	1	49	0	0	
OUT104 CON	104	1	48	0	0	
OUT104 CON	104	1	47	0	0	
OUT104 CON	104	1	16	0	0	
OUT104 CON	104	1	20	0	0	
OUT104 CON	104	1	50	0	0	
OUT104 END	104	0	0	0	0
