OUT57 START	57	0	0	0	0
OUT57 LP	57	0	-4.3189	0.595003	-3.33547
OUT57 IP 57	0	-0.70861	0.430086	-0.763504
OUT57 IP 57	1	-4.3189	0.595003	-3.33547
OUT57 IP 57	2	-2.07252	-0.733108	-1.77215
OUT57 IP 57	3	-0.541706	-1.13281	-1.16772
OUT57 IP 57	4	-1.3578	-0.262923	-0.815366
OUT57 IP 57	5	-0.650756	0.262958	0.0599958
OUT57 IP 57	6	0.0184297	0.278847	0.175124
OUT57 IP 57	7	0.724778	0.161238	0.674081
OUT57 IP 57	8	1.1193	0.261314	0.477988
OUT57 IP 57	9	0.793372	-1.02087	-0.587943
OUT57 IP 57	10	0.238123	-0.487671	-0.221181
OUT57 IP 57	11	-0.191132	-0.189565	0.168195
OUT57 IP 57	12	0.595145	-0.161513	-0.596172
OUT57 IP 57	13	-0.157372	0.670249	0.408267
OUT57 IP 57	14	0.241641	-0.390785	0.145221
OUT57 IP 57	15	-0.180948	0.736507	-0.128883
OUT57 IP 57	16	-0.672689	-0.264563	0.211845
OUT57 IP 57	17	-0.305546	0.148578	-0.331383
OUT57 IP 57	18	1.24197	-0.940716	-0.688096
OUT57 IP 57	19	-0.572251	0.172742	0.296711
OUT57 IP 57	20	0.264636	-0.484813	-0.360711
OUT57 IP 57	21	0.27583	-0.739808	-0.61533
OUT57 IP 57	22	-1.41365	-0.0374363	-1.27102
OUT57 IP 57	23	-0.52247	-0.146231	-0.470552
OUT57 IP 57	24	0.616747	-0.680707	0.0291901
OUT57 IP 57	25	1.23837	-1.15797	-0.351287
OUT57 IP 57	26	0.212276	0.0399135	-0.0930564
OUT57 IP 57	27	0.639192	0.381762	0.466336
OUT57 IP 57	28	-1.27115	-1.7637	1.70423
OUT57 IP 57	29	-0.232005	-0.0707733	0.0841966
OUT57 IP 57	30	-0.160972	-0.318153	0.247797
OUT57 IP 57	31	-0.707108	0.913126	-0.758033
OUT57 IP 57	32	0.454395	3.13019	-2.61749
OUT57 IP 57	33	0.386499	0.759368	-0.211722
OUT57 IP 57	34	-0.217409	-0.0171592	-0.208701
OUT57 IP 57	35	0.311098	-0.10129	0.115719
OUT57 IP 57	36	-0.211294	-0.145202	0.141734
OUT57 IP 57	37	0.56568	0.609671	-0.160393
OUT57 IP 57	38	-0.0928675	0.394098	0.310214
OUT57 IP 57	39	-1.01417	1.29352	1.22254
OUT57 IP 57	40	-0.0373346	0.182386	-0.127845
OUT57 IP 57	41	-0.408376	0.226175	-0.463386
OUT57 IP 57	42	-0.00528278	0.225018	-0.171132
OUT57 JetStat	57	4	4	0	0
OUT57 JET 57	0	-10.097	-0.617388	-7.85305	
OUT57 CON	57	0	2	0	0	
OUT57 CON	57	0	23	0	0	
OUT57 CON	57	0	4	0	0	
OUT57 CON	57	0	34	0	0	
OUT57 CON	57	0	1	0	0	
OUT57 CON	57	0	22	0	0	
OUT57 JET 57	1	3.82442	-4.14717	-2.19187	
OUT57 CON	57	1	20	0	0	
OUT57 CON	57	1	10	0	0	
OUT57 CON	57	1	9	0	0	
OUT57 CON	57	1	18	0	0	
OUT57 CON	57	1	25	0	0	
OUT57 JET 57	2	0.412181	3.5504	-2.91543	
OUT57 CON	57	2	40	0	0	
OUT57 CON	57	2	32	0	0	
OUT57 CON	57	2	42	0	0	
OUT57 JET 57	3	-1.84883	-2.43352	2.25778	
OUT57 CON	57	3	36	0	0	
OUT57 CON	57	3	11	0	0	
OUT57 CON	57	3	28	0	0	
OUT57 CON	57	3	30	0	0	
OUT57 END	57	0	0	0	0
