OUT170 START	170	0	0	0	0
OUT170 LP	170	0	-3.69765	-2.57179	-4.28022
OUT170 IP 170	0	-0.320107	-0.066612	-0.251609
OUT170 IP 170	1	0.14394	0.0525698	0.122678
OUT170 IP 170	2	-3.71278	-2.31772	-3.60083
OUT170 IP 170	3	-0.300903	-0.115457	0.163571
OUT170 IP 170	4	-0.321125	-0.224778	-0.194555
OUT170 IP 170	5	0.319225	-0.0289354	-0.130052
OUT170 IP 170	6	-0.274051	-0.363917	-0.349649
OUT170 IP 170	7	0.291833	-0.490505	-0.304313
OUT170 IP 170	8	0.286326	-0.218199	-0.295103
OUT170 IP 170	9	-0.994092	-1.57489	-1.35878
OUT170 IP 170	10	-0.711892	-0.96812	-0.901755
OUT170 IP 170	11	-3.69765	-2.57179	-4.28022
OUT170 IP 170	12	0.561734	0.166726	-0.554648
OUT170 IP 170	13	0.404031	0.336382	0.449406
OUT170 IP 170	14	-0.808139	-0.72048	-0.83694
OUT170 IP 170	15	-0.187034	-0.788829	-0.815684
OUT170 IP 170	16	-0.511989	-0.208229	-0.550355
OUT170 JetStat	170	1	1	0	0
OUT170 JET 170	0	-11.1973	-9.09856	-12.035	
OUT170 CON	170	0	9	0	0	
OUT170 CON	170	0	6	0	0	
OUT170 CON	170	0	10	0	0	
OUT170 CON	170	0	4	0	0	
OUT170 CON	170	0	16	0	0	
OUT170 CON	170	0	14	0	0	
OUT170 CON	170	0	2	0	0	
OUT170 CON	170	0	11	0	0	
OUT170 END	170	0	0	0	0
