OUT267 START	267	0	0	0	0
OUT267 LP	267	0	4.21238	-3.62682	-1.94318
OUT267 IP 267	0	-1.01177	0.59029	-0.103639
OUT267 IP 267	1	0.256331	0.326759	0.329125
OUT267 IP 267	2	0.0194186	0.379929	-0.0635001
OUT267 IP 267	3	-1.03869	0.221954	-0.274961
OUT267 IP 267	4	2.45814	-1.7713	-1.03725
OUT267 IP 267	5	2.09146	-2.31765	-0.528165
OUT267 IP 267	6	4.21238	-3.62682	-1.94318
OUT267 IP 267	7	0.206479	-0.680116	-0.500231
OUT267 IP 267	8	-0.400425	0.0233176	0.237715
OUT267 IP 267	9	-0.611656	-0.22727	-0.447768
OUT267 IP 267	10	-0.481228	0.00194356	-0.239029
OUT267 IP 267	11	-0.687866	0.397776	0.363765
OUT267 IP 267	12	-0.751169	-0.606524	-0.713132
OUT267 IP 267	13	0.517178	-0.106829	-0.0683131
OUT267 IP 267	14	0.127556	0.135342	-0.0558231
OUT267 IP 267	15	0.409655	-0.460483	-0.20674
OUT267 IP 267	16	0.54207	-0.483989	-0.104407
OUT267 IP 267	17	0.884235	-0.961669	0.300106
OUT267 IP 267	18	-0.302695	-0.0187322	0.258833
OUT267 IP 267	19	0.851436	-0.132191	-0.791472
OUT267 IP 267	20	-0.523986	0.475935	0.425662
OUT267 IP 267	21	0.553171	-0.25392	-0.475168
OUT267 JetStat	267	1	1	0	0
OUT267 JET 267	0	9.74309	-8.68678	-3.80846	
OUT267 CON	267	0	5	0	0	
OUT267 CON	267	0	16	0	0	
OUT267 CON	267	0	15	0	0	
OUT267 CON	267	0	4	0	0	
OUT267 CON	267	0	6	0	0	
OUT267 END	267	0	0	0	0
