OUT140 START	140	0	0	0	0
OUT140 LP	140	0	-3.66338	-3.50176	-1.80176
OUT140 IP 140	0	0.210657	-0.106926	-0.115364
OUT140 IP 140	1	-0.0263467	-0.292447	-0.00526642
OUT140 IP 140	2	0.0136306	-0.589082	0.598721
OUT140 IP 140	3	0.0777419	-0.154899	-0.0865756
OUT140 IP 140	4	-0.318731	-0.343435	-0.397801
OUT140 IP 140	5	0.231304	0.664242	0.249527
OUT140 IP 140	6	-0.332823	0.805698	-0.151148
OUT140 IP 140	7	-0.382023	-0.417625	-0.0730275
OUT140 IP 140	8	-0.467816	-1.05255	-0.0550716
OUT140 IP 140	9	-2.79525	-3.94381	-0.625201
OUT140 IP 140	10	-0.862667	-1.52093	0.310076
OUT140 IP 140	11	0.239846	-0.394974	-0.175982
OUT140 IP 140	12	-2.39551	0.61637	1.46866
OUT140 IP 140	13	-0.206956	0.391733	-0.364369
OUT140 IP 140	14	0.036581	0.179548	0.0284526
OUT140 IP 140	15	-0.625607	-0.160867	-0.169626
OUT140 IP 140	16	-0.317122	-0.375443	0.435889
OUT140 IP 140	17	0.134298	-0.564518	0.212808
OUT140 IP 140	18	-0.597337	-0.303337	0.175752
OUT140 IP 140	19	-0.230187	0.654016	0.51543
OUT140 IP 140	20	0.305603	0.0512251	-0.155999
OUT140 IP 140	21	0.335628	0.174658	0.126881
OUT140 IP 140	22	-0.167689	-0.611332	0.62543
OUT140 IP 140	23	-0.212025	-0.218804	0.273053
OUT140 IP 140	24	-0.572499	-0.266871	-0.431784
OUT140 IP 140	25	-0.646931	-1.41369	-0.437504
OUT140 IP 140	26	-3.66338	-3.50176	-1.80176
OUT140 IP 140	27	0.217672	-0.729052	0.273009
OUT140 IP 140	28	1.17659	-0.905369	1.4968
OUT140 IP 140	29	-0.47591	-0.106521	0.15179
OUT140 IP 140	30	-0.125962	-0.112993	-0.159768
OUT140 IP 140	31	-0.251943	-0.184491	-0.208067
OUT140 IP 140	32	-0.0586618	0.486882	-0.241462
OUT140 IP 140	33	-0.16538	0.0109218	-0.0781509
OUT140 IP 140	34	-0.454812	-0.400943	-0.602956
OUT140 IP 140	35	-0.273494	-0.0743795	-0.289698
OUT140 IP 140	36	-0.121069	-0.493022	-0.328082
OUT140 IP 140	37	0.176667	-0.28328	0.105371
OUT140 JetStat	140	1	1	0	0
OUT140 JET 140	0	-8.03653	-10.4391	-2.97378	
OUT140 CON	140	0	26	0	0	
OUT140 CON	140	0	25	0	0	
OUT140 CON	140	0	8	0	0	
OUT140 CON	140	0	7	0	0	
OUT140 CON	140	0	9	0	0	
OUT140 END	140	0	0	0	0
