OUT214 START	214	0	0	0	0
OUT214 LP	214	0	-0.0672273	-5.54121	-0.476216
OUT214 IP 214	0	0.036676	0.396862	0.139858
OUT214 IP 214	1	1.12399	0.689387	0.699273
OUT214 IP 214	2	-0.0672273	-5.54121	-0.476216
OUT214 IP 214	3	0.4759	-0.983026	-0.916177
OUT214 IP 214	4	0.846483	-0.0556414	0.283299
OUT214 IP 214	5	0.144966	0.211575	-0.199593
OUT214 IP 214	6	0.214462	0.429471	-0.295488
OUT214 IP 214	7	-0.128576	-0.444598	0.0216006
OUT214 IP 214	8	0.148839	0.633388	0.579361
OUT214 IP 214	9	0.550174	-0.0114394	-0.467114
OUT214 IP 214	10	0.275843	0.654789	0.284348
OUT214 IP 214	11	0.349961	0.296624	-0.265979
OUT214 IP 214	12	-0.118587	0.19503	-0.233797
OUT214 IP 214	13	0.10833	-3.66439	-0.802087
OUT214 IP 214	14	-0.548035	-2.63255	0.978461
OUT214 IP 214	15	-0.174861	-0.670874	0.0671171
OUT214 IP 214	16	0.694075	-0.698882	0.406795
OUT214 IP 214	17	0.234751	0.417285	-0.0870526
OUT214 IP 214	18	-0.183875	0.202254	0.221073
OUT214 IP 214	19	-0.238446	-0.427904	-0.119286
OUT214 IP 214	20	-0.396898	0.231887	0.174227
OUT214 IP 214	21	-0.219236	0.105037	-0.197005
OUT214 IP 214	22	0.172044	-0.208364	-0.0459162
OUT214 IP 214	23	0.190542	-0.156903	0.219787
OUT214 IP 214	24	-0.189128	-0.221196	0.19044
OUT214 JetStat	214	1	1	0	0
OUT214 JET 214	0	-0.265915	-10.3603	-1.18542	
OUT214 CON	214	0	15	0	0	
OUT214 CON	214	0	7	0	0	
OUT214 CON	214	0	2	0	0	
OUT214 CON	214	0	13	0	0	
OUT214 END	214	0	0	0	0
