OUT205 START	205	0	0	0	0
OUT205 LP	205	0	-4.89044	-4.83205	-4.92742
OUT205 IP 205	0	-0.693697	-0.806981	-0.433543
OUT205 IP 205	1	0.224512	-0.508964	-0.203068
OUT205 IP 205	2	0.168677	-0.194288	-0.230136
OUT205 IP 205	3	-0.294406	0.39594	-0.458805
OUT205 IP 205	4	0.24071	-0.0445035	-0.179668
OUT205 IP 205	5	0.0622764	0.628853	-0.330246
OUT205 IP 205	6	-2.3877	-2.47936	-3.33396
OUT205 IP 205	7	-0.000766518	-0.166942	0.104232
OUT205 IP 205	8	-0.253881	-0.144262	-0.237486
OUT205 IP 205	9	-4.89044	-4.83205	-4.92742
OUT205 JetStat	205	1	1	0	0
OUT205 JET 205	0	-8.23636	-8.27208	-8.8622	
OUT205 CON	205	0	0	0	0	
OUT205 CON	205	0	8	0	0	
OUT205 CON	205	0	6	0	0	
OUT205 CON	205	0	9	0	0	
OUT205 END	205	0	0	0	0
