OUT240 START	240	0	0	0	0
OUT240 LP	240	0	-3.89296	2.38905	2.10263
OUT240 IP 240	0	-0.305097	-0.730367	-0.066863
OUT240 IP 240	1	0.232707	-0.168353	-0.187719
OUT240 IP 240	2	-0.94904	-1.31883	-0.421099
OUT240 IP 240	3	-1.39937	-0.772025	0.324019
OUT240 IP 240	4	-0.333483	-0.135552	0.297203
OUT240 IP 240	5	1.16822	-1.09195	-0.17727
OUT240 IP 240	6	0.260336	-0.231726	0.129574
OUT240 IP 240	7	0.206019	-0.284932	0.269056
OUT240 IP 240	8	1.30139	-1.24299	1.712
OUT240 IP 240	9	-0.164646	0.0713005	-0.184085
OUT240 IP 240	10	-0.154903	0.130286	-0.175098
OUT240 IP 240	11	0.0768205	-0.380438	0.0153889
OUT240 IP 240	12	-1.87739	0.482597	0.222695
OUT240 IP 240	13	-1.12929	0.677231	0.33397
OUT240 IP 240	14	-2.33274	0.559653	1.67306
OUT240 IP 240	15	0.315332	0.22713	0.0390853
OUT240 IP 240	16	-0.144257	-0.280965	0.147239
OUT240 IP 240	17	-2.163	-0.865168	-0.541777
OUT240 IP 240	18	-0.298041	0.998495	-0.659146
OUT240 IP 240	19	0.226578	-0.195254	-0.0702319
OUT240 IP 240	20	0.935601	0.320499	-0.946644
OUT240 IP 240	21	0.22585	-0.450566	-0.194223
OUT240 IP 240	22	0.553291	-0.506335	0.536899
OUT240 IP 240	23	0.693214	-0.687361	0.00219658
OUT240 IP 240	24	0.91998	-1.40335	0.282472
OUT240 IP 240	25	0.743508	-0.000277698	-0.377862
OUT240 IP 240	26	1.21205	0.847289	-0.751469
OUT240 IP 240	27	0.496127	-0.496783	0.536091
OUT240 IP 240	28	1.31106	0.267653	1.17986
OUT240 IP 240	29	0.578361	-0.575041	0.0106451
OUT240 IP 240	30	0.112145	0.486734	0.462823
OUT240 IP 240	31	-0.863302	0.84104	0.390795
OUT240 IP 240	32	-0.674735	0.674157	-0.209795
OUT240 IP 240	33	-3.81337	0.897531	1.92984
OUT240 IP 240	34	-3.89296	2.38905	2.10263
OUT240 IP 240	35	0.537278	0.176272	-0.557167
OUT240 IP 240	36	-0.487784	0.0470413	-0.34384
OUT240 IP 240	37	0.39409	0.209199	-0.0737084
OUT240 IP 240	38	0.328066	0.311133	-0.170386
OUT240 IP 240	39	-0.22377	-0.328136	0.248432
OUT240 IP 240	40	0.224366	0.289051	0.35008
OUT240 IP 240	41	0.0207971	0.196721	0.0613508
OUT240 IP 240	42	0.247642	0.0292381	-0.034775
OUT240 IP 240	43	0.282617	0.27251	-0.214792
OUT240 IP 240	44	0.458617	0.0728298	-0.389463
OUT240 IP 240	45	0.445298	0.15833	0.29215
OUT240 IP 240	46	0.191952	-0.203643	0.124582
OUT240 JetStat	240	3	3	0	0
OUT240 JET 240	0	-14.1424	5.9539	6.57793	
OUT240 CON	240	0	12	0	0	
OUT240 CON	240	0	31	0	0	
OUT240 CON	240	0	13	0	0	
OUT240 CON	240	0	34	0	0	
OUT240 CON	240	0	14	0	0	
OUT240 CON	240	0	33	0	0	
OUT240 JET 240	1	3.86799	-4.20922	0.174273	
OUT240 CON	240	1	6	0	0	
OUT240 CON	240	1	24	0	0	
OUT240 CON	240	1	19	0	0	
OUT240 CON	240	1	5	0	0	
OUT240 CON	240	1	23	0	0	
OUT240 CON	240	1	29	0	0	
OUT240 JET 240	2	2.75271	-2.73893	3.15867	
OUT240 CON	240	2	46	0	0	
OUT240 CON	240	2	7	0	0	
OUT240 CON	240	2	8	0	0	
OUT240 CON	240	2	22	0	0	
OUT240 CON	240	2	27	0	0	
OUT240 END	240	0	0	0	0
