OUT127 START	127	0	0	0	0
OUT127 LP	127	0	-2.38027	4.75041	3.34787
OUT127 IP 127	0	0.427258	0.411788	-0.235787
OUT127 IP 127	1	0.208034	0.243854	-0.27054
OUT127 IP 127	2	0.434013	0.0367472	-0.39389
OUT127 IP 127	3	-0.971267	2.11482	1.5537
OUT127 IP 127	4	-0.103524	0.693184	0.415835
OUT127 IP 127	5	-0.516921	0.590253	0.506268
OUT127 IP 127	6	-0.984798	0.162358	0.948328
OUT127 IP 127	7	0.235441	0.422161	0.263878
OUT127 IP 127	8	-0.303112	0.33862	-0.0486074
OUT127 IP 127	9	0.0577491	0.147537	-0.0919993
OUT127 IP 127	10	0.0681233	-0.577788	0.403749
OUT127 IP 127	11	-0.702013	1.02574	0.0429413
OUT127 IP 127	12	-0.340998	0.0276801	0.13762
OUT127 IP 127	13	0.0763429	-0.516387	-0.401547
OUT127 IP 127	14	-1.37766	-0.306066	-0.196091
OUT127 IP 127	15	-0.265503	-0.396311	0.343332
OUT127 IP 127	16	-0.196737	-0.214202	-0.287856
OUT127 IP 127	17	0.39778	0.623163	-0.444977
OUT127 IP 127	18	-0.170873	-0.202795	0.172697
OUT127 IP 127	19	-0.382555	-0.036082	0.0405296
OUT127 IP 127	20	-0.149447	0.240096	-0.216369
OUT127 IP 127	21	-2.38027	4.75041	3.34787
OUT127 IP 127	22	-0.888496	1.5476	1.10054
OUT127 IP 127	23	1.20306	2.06334	-0.000503464
OUT127 IP 127	24	0.0502876	-0.259343	-0.0185219
OUT127 IP 127	25	-0.144078	-1.70674	-1.0872
OUT127 IP 127	26	-0.344918	-0.933233	-0.496907
OUT127 IP 127	27	-0.732246	-0.468681	0.107626
OUT127 IP 127	28	-0.684023	-0.287533	-0.0125354
OUT127 IP 127	29	-1.07753	0.343397	1.12923
OUT127 IP 127	30	-0.0379714	-0.225886	-0.137384
OUT127 IP 127	31	-0.117321	0.23601	0.230578
OUT127 IP 127	32	-0.113574	0.216122	0.181067
OUT127 JetStat	127	3	3	0	0
OUT127 JET 127	0	-5.11887	10.2066	7.3309	
OUT127 CON	127	0	4	0	0	
OUT127 CON	127	0	5	0	0	
OUT127 CON	127	0	31	0	0	
OUT127 CON	127	0	32	0	0	
OUT127 CON	127	0	22	0	0	
OUT127 CON	127	0	3	0	0	
OUT127 CON	127	0	21	0	0	
OUT127 JET 127	1	-0.456671	-3.42852	-2.11717	
OUT127 CON	127	1	26	0	0	
OUT127 CON	127	1	13	0	0	
OUT127 CON	127	1	25	0	0	
OUT127 CON	127	1	30	0	0	
OUT127 JET 127	2	-3.2196	-1.11404	-0.0601952	
OUT127 CON	127	2	27	0	0	
OUT127 CON	127	2	19	0	0	
OUT127 CON	127	2	14	0	0	
OUT127 CON	127	2	28	0	0	
OUT127 END	127	0	0	0	0
