OUT192 START	192	0	0	0	0
OUT192 LP	192	0	1.3085	-7.63422	7.94428
OUT192 IP 192	0	1.41525	-7.6913	6.13898
OUT192 IP 192	1	1.3085	-7.63422	7.94428
OUT192 IP 192	2	-1.05862	1.12301	1.44113
OUT192 IP 192	3	-0.115315	0.19683	0.207394
OUT192 IP 192	4	0.0424266	0.188502	0.149835
OUT192 IP 192	5	0.648503	-0.277193	0.0143412
OUT192 IP 192	6	0.048677	-0.539482	-0.0772269
OUT192 IP 192	7	0.230592	0.156053	-0.0859666
OUT192 IP 192	8	-0.705761	-0.770462	0.348763
OUT192 IP 192	9	0.62545	0.276414	0.505918
OUT192 IP 192	10	-0.231062	-0.223642	0.226398
OUT192 IP 192	11	-0.244097	-0.116403	-0.193431
OUT192 IP 192	12	-0.0961556	0.640884	-0.31411
OUT192 IP 192	13	-0.499383	0.117732	-0.28175
OUT192 IP 192	14	-0.802667	2.68929	1.33358
OUT192 IP 192	15	-0.581916	0.526302	0.284007
OUT192 IP 192	16	-0.240377	0.336844	0.107539
OUT192 IP 192	17	-1.39188	-0.852207	-0.470496
OUT192 IP 192	18	-0.283922	-0.107671	-0.146594
OUT192 IP 192	19	0.725329	-0.432833	-0.405752
OUT192 IP 192	20	0.00365683	0.577656	-0.54318
OUT192 IP 192	21	0.809643	-1.41241	-1.07085
OUT192 IP 192	22	0.892111	0.608538	0.717989
OUT192 IP 192	23	-0.550866	1.05579	-0.81087
OUT192 IP 192	24	-0.206513	0.236936	-0.0824968
OUT192 IP 192	25	0.0767841	0.522292	-0.518583
OUT192 IP 192	26	-0.122331	0.228671	-0.201355
OUT192 IP 192	27	0.0300163	0.6042	0.331486
OUT192 IP 192	28	-0.341086	0.773601	0.725845
OUT192 IP 192	29	-0.347611	-0.0789817	0.219775
OUT192 IP 192	30	-0.0532862	-0.224479	0.208284
OUT192 IP 192	31	0.0464069	-0.512003	0.203356
OUT192 IP 192	32	0.179506	0.908832	-0.191189
OUT192 IP 192	33	-1.03972	1.97086	0.644301
OUT192 IP 192	34	-0.585182	2.53648	1.76731
OUT192 IP 192	35	0.0146962	0.216856	0.159229
OUT192 IP 192	36	0.353385	-0.209252	-0.250289
OUT192 IP 192	37	-0.344368	-0.127548	0.203172
OUT192 IP 192	38	0.0893801	-0.210539	-0.0914062
OUT192 IP 192	39	-0.00831951	0.279299	-0.143117
OUT192 IP 192	40	0.801373	-0.135607	0.638986
OUT192 IP 192	41	0.148407	0.388626	0.296868
OUT192 IP 192	42	0.186732	0.121713	-0.0465982
OUT192 IP 192	43	-0.198852	0.105958	-0.0639707
OUT192 IP 192	44	-0.00197456	0.153471	-0.0965539
OUT192 IP 192	45	-0.232354	1.06671	0.973884
OUT192 IP 192	46	0.0181872	0.403061	0.15216
OUT192 IP 192	47	-0.258428	1.96252	1.3133
OUT192 IP 192	48	-0.00953173	0.465957	0.11977
OUT192 IP 192	49	-0.303257	0.122228	0.0950311
OUT192 IP 192	50	0.283981	-0.0445587	0.261485
OUT192 JetStat	192	3	3	0	0
OUT192 JET 192	0	2.72381	-15.3258	14.0273	
OUT192 CON	192	0	0	0	0	
OUT192 CON	192	0	1	0	0	
OUT192 JET 192	1	-2.29982	11.0086	7.01574	
OUT192 CON	192	1	48	0	0	
OUT192 CON	192	1	3	0	0	
OUT192 CON	192	1	46	0	0	
OUT192 CON	192	1	35	0	0	
OUT192 CON	192	1	27	0	0	
OUT192 CON	192	1	28	0	0	
OUT192 CON	192	1	14	0	0	
OUT192 CON	192	1	45	0	0	
OUT192 CON	192	1	34	0	0	
OUT192 CON	192	1	47	0	0	
OUT192 JET 192	2	-1.88317	2.86289	1.03529	
OUT192 CON	192	2	15	0	0	
OUT192 CON	192	2	16	0	0	
OUT192 CON	192	2	33	0	0	
OUT192 END	192	0	0	0	0
