OUT177 START	177	0	0	0	0
OUT177 LP	177	0	-4.25506	3.41559	2.48838
OUT177 IP 177	0	0.17157	0.464743	0.419588
OUT177 IP 177	1	0.601262	0.332745	-0.583038
OUT177 IP 177	2	1.31453	1.45574	0.641206
OUT177 IP 177	3	0.534347	0.673934	0.10868
OUT177 IP 177	4	-0.355889	-0.520818	0.236345
OUT177 IP 177	5	0.195762	-0.245228	0.262991
OUT177 IP 177	6	-0.0610614	-0.548312	-0.289231
OUT177 IP 177	7	0.15979	-0.303625	-0.168801
OUT177 IP 177	8	0.53627	-0.0311019	-0.11549
OUT177 IP 177	9	1.73052	1.7796	-0.417852
OUT177 IP 177	10	2.24437	2.70017	-0.43913
OUT177 IP 177	11	0.0411264	0.577949	-0.572987
OUT177 IP 177	12	-0.330787	0.290124	0.282571
OUT177 IP 177	13	-0.0850111	0.628407	0.581901
OUT177 IP 177	14	-0.658427	1.60264	0.965818
OUT177 IP 177	15	-0.346695	-0.546137	0.202988
OUT177 IP 177	16	-0.0480448	-0.530024	0.39459
OUT177 IP 177	17	-0.721994	0.336123	0.0395235
OUT177 IP 177	18	-2.26344	0.552144	0.22833
OUT177 IP 177	19	-0.479162	0.611597	0.723549
OUT177 IP 177	20	-0.283409	0.5292	-0.508587
OUT177 IP 177	21	-1.50691	0.265803	-1.01787
OUT177 IP 177	22	-0.517437	-0.196022	0.0486502
OUT177 IP 177	23	-0.148227	1.31851	0.230608
OUT177 IP 177	24	0.0115765	0.23719	-0.18934
OUT177 IP 177	25	0.540043	0.784644	-0.410076
OUT177 IP 177	26	0.984688	1.37235	-0.0165447
OUT177 IP 177	27	0.259083	-0.0563496	-0.0178337
OUT177 IP 177	28	0.239941	-0.403742	0.338571
OUT177 IP 177	29	0.606836	2.24466	0.101366
OUT177 IP 177	30	0.354235	1.51354	0.0846174
OUT177 IP 177	31	0.665479	0.170405	0.0993963
OUT177 IP 177	32	1.51576	0.92002	0.186971
OUT177 IP 177	33	1.47749	1.27246	-0.149147
OUT177 IP 177	34	0.396075	-0.283932	0.100998
OUT177 IP 177	35	1.59578	0.723682	-1.46249
OUT177 IP 177	36	1.11211	0.758569	1.05812
OUT177 IP 177	37	0.447775	-0.541854	0.534962
OUT177 IP 177	38	-4.25506	3.41559	2.48838
OUT177 IP 177	39	-1.64462	1.93534	1.05228
OUT177 IP 177	40	-0.0407836	0.192691	0.0308097
OUT177 IP 177	41	0.390463	0.236509	-0.183479
OUT177 IP 177	42	0.356149	0.179087	0.0102603
OUT177 IP 177	43	0.0961468	0.395837	0.21991
OUT177 IP 177	44	0.180838	0.406076	0.350395
OUT177 IP 177	45	0.783464	-0.0686414	0.789824
OUT177 IP 177	46	0.355094	0.168004	0.218247
OUT177 IP 177	47	-0.64363	-0.508445	0.409996
OUT177 IP 177	48	-0.276209	-0.377906	0.385481
OUT177 IP 177	49	0.594957	-0.309706	-0.527315
OUT177 JetStat	177	4	4	0	0
OUT177 JET 177	0	10.2468	10.4361	-0.083864	
OUT177 CON	177	0	2	0	0	
OUT177 CON	177	0	42	0	0	
OUT177 CON	177	0	32	0	0	
OUT177 CON	177	0	3	0	0	
OUT177 CON	177	0	26	0	0	
OUT177 CON	177	0	33	0	0	
OUT177 CON	177	0	9	0	0	
OUT177 CON	177	0	10	0	0	
OUT177 JET 177	1	-6.25319	5.66264	3.8194	
OUT177 CON	177	1	39	0	0	
OUT177 CON	177	1	12	0	0	
OUT177 CON	177	1	38	0	0	
OUT177 JET 177	2	0.778978	5.34701	0.446564	
OUT177 CON	177	2	29	0	0	
OUT177 CON	177	2	30	0	0	
OUT177 CON	177	2	23	0	0	
OUT177 CON	177	2	40	0	0	
OUT177 JET 177	3	-2.99629	0.891882	0.2678	
OUT177 CON	177	3	17	0	0	
OUT177 CON	177	3	18	0	0	
OUT177 END	177	0	0	0	0
