OUT137 START	137	0	0	0	0
OUT137 LP	137	0	3.33867	2.36819	-1.48378
OUT137 IP 137	0	-0.154636	0.154735	-0.046524
OUT137 IP 137	1	0.372602	-0.537758	-0.591297
OUT137 IP 137	2	0.398988	3.58576	3.67085
OUT137 IP 137	3	1.15222	2.30332	1.87788
OUT137 IP 137	4	0.857887	1.3213	-0.527614
OUT137 IP 137	5	-0.442148	0.039779	-0.40819
OUT137 IP 137	6	0.861055	0.0780089	0.360818
OUT137 IP 137	7	-0.103972	-0.709555	-0.013577
OUT137 IP 137	8	3.42475	3.44578	-0.613865
OUT137 IP 137	9	1.18811	0.833204	-0.388186
OUT137 IP 137	10	0.336593	0.393747	-0.378959
OUT137 IP 137	11	-0.318102	-0.0670605	0.229277
OUT137 IP 137	12	-0.0671246	0.575431	0.426429
OUT137 IP 137	13	-0.387563	-0.916751	0.430083
OUT137 IP 137	14	0.110642	1.38448	1.31094
OUT137 IP 137	15	-0.112656	0.29335	0.267044
OUT137 IP 137	16	1.09672	1.16444	-0.178695
OUT137 IP 137	17	0.334564	-0.352334	0.0442001
OUT137 IP 137	18	0.62043	-1.6321	-0.359514
OUT137 IP 137	19	0.471044	-1.36714	-0.0620934
OUT137 IP 137	20	0.481473	-0.721198	-0.42346
OUT137 IP 137	21	0.169595	0.0764665	-0.0673962
OUT137 IP 137	22	-0.525353	-0.909703	1.02668
OUT137 IP 137	23	0.408076	-1.04004	0.764681
OUT137 IP 137	24	-0.049801	-0.515396	0.526066
OUT137 IP 137	25	0.191253	-0.382972	0.38208
OUT137 IP 137	26	-0.0120916	0.325914	-0.171975
OUT137 IP 137	27	0.32011	0.644887	0.0450716
OUT137 IP 137	28	3.33867	2.36819	-1.48378
OUT137 IP 137	29	0.182792	0.141237	0.0604132
OUT137 IP 137	30	1.83537	2.29898	-0.465328
OUT137 IP 137	31	1.10421	1.09076	-1.00637
OUT137 IP 137	32	0.509323	0.246278	-0.0125734
OUT137 IP 137	33	0.614619	0.573494	-0.615306
OUT137 IP 137	34	0.196727	0.118239	0.186517
OUT137 IP 137	35	0.45414	-0.112441	-0.311089
OUT137 IP 137	36	0.214121	0.0298036	-0.173664
OUT137 IP 137	37	-0.463411	-0.0774189	0.116806
OUT137 IP 137	38	0.454139	0.26187	0.0981103
OUT137 IP 137	39	0.0728353	-0.530919	0.264361
OUT137 IP 137	40	-0.50284	-0.201756	-0.329079
OUT137 IP 137	41	0.0819433	-0.250698	0.191462
OUT137 IP 137	42	0.0815988	0.304008	0.184532
OUT137 IP 137	43	0.42548	1.14224	0.515774
OUT137 IP 137	44	-0.207865	0.560216	0.101679
OUT137 IP 137	45	-0.144566	0.34761	-0.041562
OUT137 IP 137	46	0.628578	0.335328	0.311272
OUT137 IP 137	47	-0.128759	-0.479526	-0.474923
OUT137 IP 137	48	-0.39248	-0.00893638	-0.273865
OUT137 JetStat	137	4	4	0	0
OUT137 JET 137	0	13.6497	12.9615	-4.68108	
OUT137 CON	137	0	31	0	0	
OUT137 CON	137	0	32	0	0	
OUT137 CON	137	0	21	0	0	
OUT137 CON	137	0	9	0	0	
OUT137 CON	137	0	28	0	0	
OUT137 CON	137	0	4	0	0	
OUT137 CON	137	0	30	0	0	
OUT137 CON	137	0	8	0	0	
OUT137 CON	137	0	16	0	0	
OUT137 JET 137	1	0.525133	5.86743	5.57112	
OUT137 CON	137	1	42	0	0	
OUT137 CON	137	1	12	0	0	
OUT137 CON	137	1	2	0	0	
OUT137 CON	137	1	14	0	0	
OUT137 JET 137	2	1.57963	3.44991	2.37651	
OUT137 CON	137	2	3	0	0	
OUT137 CON	137	2	43	0	0	
OUT137 JET 137	3	1.09161	-2.99961	-0.420301	
OUT137 CON	137	3	18	0	0	
OUT137 CON	137	3	19	0	0	
OUT137 END	137	0	0	0	0
