OUT219 START	219	0	0	0	0
OUT219 LP	219	0	3.67743	-2.35065	0.2411
OUT219 IP 219	0	0.320886	0.0166255	0.0193417
OUT219 IP 219	1	0.168868	0.432355	0.0810498
OUT219 IP 219	2	0.179803	-0.0030875	-0.0256602
OUT219 IP 219	3	-1.43863	-1.90389	1.23867
OUT219 IP 219	4	-1.04747	-0.98432	0.473557
OUT219 IP 219	5	0.834094	-0.436472	0.3522
OUT219 IP 219	6	2.16936	-0.870076	0.795277
OUT219 IP 219	7	0.848212	-0.823396	0.991655
OUT219 IP 219	8	3.67743	-2.35065	0.2411
OUT219 IP 219	9	-0.419756	-0.241228	-0.334009
OUT219 IP 219	10	-0.534772	0.0608202	-0.449644
OUT219 IP 219	11	-1.0394	0.0744484	0.074421
OUT219 IP 219	12	-0.566173	0.261384	-0.475466
OUT219 IP 219	13	-0.727983	-0.337772	-0.0435645
OUT219 IP 219	14	0.0680648	0.324976	0.155261
OUT219 IP 219	15	-0.985759	0.805732	0.861997
OUT219 IP 219	16	1.76099	-1.79924	1.44426
OUT219 IP 219	17	0.435592	-0.341627	0.0430071
OUT219 IP 219	18	2.2943	-0.856313	0.466412
OUT219 IP 219	19	0.625714	-0.217345	-0.208568
OUT219 IP 219	20	0.00984357	-0.347097	-0.29951
OUT219 IP 219	21	-0.660347	-0.279547	0.299327
OUT219 IP 219	22	-0.163607	-0.182621	0.0412744
OUT219 JetStat	219	3	3	0	0
OUT219 JET 219	0	9.46077	-4.88113	1.88239	
OUT219 CON	219	0	8	0	0	
OUT219 CON	219	0	17	0	0	
OUT219 CON	219	0	18	0	0	
OUT219 CON	219	0	5	0	0	
OUT219 CON	219	0	6	0	0	
OUT219 JET 219	1	-2.65827	-3.08049	1.74482	
OUT219 CON	219	1	22	0	0	
OUT219 CON	219	1	3	0	0	
OUT219 CON	219	1	4	0	0	
OUT219 JET 219	2	2.60939	-2.62282	2.42295	
OUT219 CON	219	2	7	0	0	
OUT219 CON	219	2	16	0	0	
OUT219 END	219	0	0	0	0
