OUT142 START	142	0	0	0	0
OUT142 LP	142	0	4.20748	0.328422	2.30752
OUT142 IP 142	0	-0.095551	0.181651	-0.197284
OUT142 IP 142	1	0.609277	-0.367345	0.354301
OUT142 IP 142	2	-0.587021	0.687734	-0.66946
OUT142 IP 142	3	0.423053	0.678422	-0.166749
OUT142 IP 142	4	0.627873	0.409805	0.42652
OUT142 IP 142	5	0.437622	1.26407	2.01034e-05
OUT142 IP 142	6	0.721926	0.355505	0.0785633
OUT142 IP 142	7	2.49746	0.21328	1.61252
OUT142 IP 142	8	1.43857	1.67093	2.2064
OUT142 IP 142	9	0.859045	0.606102	0.938531
OUT142 IP 142	10	-0.89944	-1.59155	-0.478188
OUT142 IP 142	11	-0.210569	-1.31851	-1.00935
OUT142 IP 142	12	0.8073	-0.379598	-0.604481
OUT142 IP 142	13	0.0886118	-0.390139	0.286342
OUT142 IP 142	14	0.285316	0.564367	-0.370041
OUT142 IP 142	15	0.0599187	-0.318067	0.327168
OUT142 IP 142	16	0.0712479	-0.439905	-0.105966
OUT142 IP 142	17	0.40564	-0.151121	-0.0348591
OUT142 IP 142	18	-0.885907	-0.0136665	0.340532
OUT142 IP 142	19	-0.28871	-0.000515026	0.0685488
OUT142 IP 142	20	0.224271	0.139012	-0.195994
OUT142 IP 142	21	-0.821923	0.857057	0.960405
OUT142 IP 142	22	-0.600367	0.125806	-0.100949
OUT142 IP 142	23	0.287374	0.665966	-0.145175
OUT142 IP 142	24	0.749965	1.05925	-0.299726
OUT142 IP 142	25	0.255453	-0.158985	0.165434
OUT142 IP 142	26	4.74945	-0.118993	3.73773
OUT142 IP 142	27	4.43947	-0.134411	2.74743
OUT142 IP 142	28	0.554274	0.296291	0.424821
OUT142 IP 142	29	4.20748	0.328422	2.30752
OUT142 IP 142	30	0.592582	0.584729	-0.166586
OUT142 IP 142	31	1.69925	1.00725	0.926316
OUT142 IP 142	32	0.233315	-0.119591	-0.0545027
OUT142 IP 142	33	0.288042	-0.109056	-0.197031
OUT142 IP 142	34	-0.726355	-1.18361	-0.727546
OUT142 IP 142	35	-0.3641	-0.112006	-0.379693
OUT142 IP 142	36	-0.0999222	-0.18253	0.0223149
OUT142 IP 142	37	-0.00398223	-0.389009	-0.288741
OUT142 IP 142	38	0.106401	-0.134606	-0.00166844
OUT142 IP 142	39	-0.162504	0.00475363	0.0848744
OUT142 JetStat	142	4	4	0	0
OUT142 JET 142	0	15.9167	0.28884	10.3736	
OUT142 CON	142	0	26	0	0	
OUT142 CON	142	0	27	0	0	
OUT142 CON	142	0	7	0	0	
OUT142 CON	142	0	29	0	0	
OUT142 JET 142	1	2.52396	4.30797	-0.775468	
OUT142 CON	142	1	5	0	0	
OUT142 CON	142	1	30	0	0	
OUT142 CON	142	1	23	0	0	
OUT142 CON	142	1	3	0	0	
OUT142 CON	142	1	24	0	0	
OUT142 JET 142	2	3.74361	2.32143	2.68791	
OUT142 CON	142	2	9	0	0	
OUT142 CON	142	2	28	0	0	
OUT142 CON	142	2	4	0	0	
OUT142 CON	142	2	31	0	0	
OUT142 JET 142	3	-1.62605	-2.77561	-1.19672	
OUT142 CON	142	3	10	0	0	
OUT142 CON	142	3	34	0	0	
OUT142 END	142	0	0	0	0
