OUT217 START	217	0	0	0	0
OUT217 LP	217	0	4.25743	1.2742	-0.77523
OUT217 IP 217	0	1.1744	-0.448537	-0.129086
OUT217 IP 217	1	0.970518	-0.53741	-0.175956
OUT217 IP 217	2	1.59166	-0.435749	0.931912
OUT217 IP 217	3	1.41703	-0.360395	1.45275
OUT217 IP 217	4	1.05242	1.22953	1.61576
OUT217 IP 217	5	-0.234039	-0.100003	-0.120599
OUT217 IP 217	6	-0.760193	0.0692534	-0.648883
OUT217 IP 217	7	-0.769613	-0.289559	-0.813245
OUT217 IP 217	8	0.121988	-0.30897	-0.251479
OUT217 IP 217	9	-0.845344	-0.471814	-0.351222
OUT217 IP 217	10	-0.0979745	0.46165	0.347504
OUT217 IP 217	11	-0.866593	0.804933	0.00271771
OUT217 IP 217	12	1.42092	0.463662	-1.50729
OUT217 IP 217	13	0.474313	0.132002	0.200388
OUT217 IP 217	14	-1.2322	1.30008	-0.517931
OUT217 IP 217	15	0.844566	-2.4824	-2.56796
OUT217 IP 217	16	-0.160721	-0.934046	-0.477106
OUT217 IP 217	17	0.594534	-0.589753	-0.232183
OUT217 IP 217	18	-0.453665	0.0149574	0.175999
OUT217 IP 217	19	-1.34826	-0.0811984	1.16736
OUT217 IP 217	20	0.376319	-0.0672953	-0.263903
OUT217 IP 217	21	1.71568	1.18238	0.980045
OUT217 IP 217	22	0.468529	-0.160511	-0.0931545
OUT217 IP 217	23	4.25743	1.2742	-0.77523
OUT217 IP 217	24	3.4875	0.580443	0.0519912
OUT217 IP 217	25	0.259889	0.0609072	-0.150946
OUT217 IP 217	26	-0.645003	-0.22453	0.510452
OUT217 IP 217	27	2.64994	0.500691	-0.261839
OUT217 IP 217	28	0.19982	-0.140694	0.0551873
OUT217 JetStat	217	3	3	0	0
OUT217 JET 217	0	10.4123	2.3594	-0.982171	
OUT217 CON	217	0	24	0	0	
OUT217 CON	217	0	23	0	0	
OUT217 CON	217	0	27	0	0	
OUT217 JET 217	1	3.25216	-1.76282	-0.628999	
OUT217 CON	217	1	17	0	0	
OUT217 CON	217	1	1	0	0	
OUT217 CON	217	1	0	0	0	
OUT217 CON	217	1	22	0	0	
OUT217 JET 217	2	3.00881	-0.796177	2.35066	
OUT217 CON	217	2	2	0	0	
OUT217 CON	217	2	3	0	0	
OUT217 END	217	0	0	0	0
