OUT200 START	200	0	0	0	0
OUT200 LP	200	0	-5.00521	4.2614	4.53174
OUT200 IP 200	0	-0.338979	0.068508	0.151921
OUT200 IP 200	1	-4.33122	2.65383	3.7538
OUT200 IP 200	2	-0.666832	0.436247	0.304591
OUT200 IP 200	3	-2.33564	2.17273	2.44723
OUT200 IP 200	4	-0.560312	0.241602	0.271759
OUT200 IP 200	5	-0.773866	0.775315	0.519441
OUT200 IP 200	6	0.315503	-0.0235139	0.230725
OUT200 IP 200	7	0.207664	0.134996	0.20498
OUT200 IP 200	8	-5.00521	4.2614	4.53174
OUT200 IP 200	9	-1.38758	1.09205	1.78719
OUT200 IP 200	10	0.328888	-0.227462	0.155793
OUT200 IP 200	11	0.269832	0.368924	0.26931
OUT200 IP 200	12	0.652985	-0.211985	-0.340365
OUT200 IP 200	13	-0.521032	0.898823	-0.469882
OUT200 IP 200	14	0.299941	-0.265433	0.0733021
OUT200 IP 200	15	-0.705219	-0.0756595	-0.121618
OUT200 IP 200	16	-0.402728	0.700369	-0.183896
OUT200 IP 200	17	0.890002	-0.487124	-1.01073
OUT200 IP 200	18	0.556464	-0.585935	-0.779304
OUT200 IP 200	19	-0.431624	0.725672	-0.470516
OUT200 IP 200	20	-0.355769	0.466149	-0.194115
OUT200 IP 200	21	-0.694323	0.636336	-0.168098
OUT200 IP 200	22	-0.514284	0.571594	-0.548762
OUT200 IP 200	23	-0.305978	-0.855139	0.887909
OUT200 IP 200	24	-0.199699	-0.142313	0.173075
OUT200 JetStat	200	2	2	0	0
OUT200 JET 200	0	-15.1259	11.6813	13.5305	
OUT200 CON	200	0	4	0	0	
OUT200 CON	200	0	2	0	0	
OUT200 CON	200	0	5	0	0	
OUT200 CON	200	0	9	0	0	
OUT200 CON	200	0	1	0	0	
OUT200 CON	200	0	3	0	0	
OUT200 CON	200	0	8	0	0	
OUT200 JET 200	1	-2.94219	4.02819	-2.00539	
OUT200 CON	200	1	21	0	0	
OUT200 CON	200	1	22	0	0	
OUT200 CON	200	1	16	0	0	
OUT200 CON	200	1	20	0	0	
OUT200 CON	200	1	13	0	0	
OUT200 CON	200	1	19	0	0	
OUT200 END	200	0	0	0	0
