OUT199 START	199	0	0	0	0
OUT199 LP	199	0	3.67316	-2.17421	1.30675
OUT199 IP 199	0	0.966572	-0.553632	0.128494
OUT199 IP 199	1	-0.900123	1.01855	0.170605
OUT199 IP 199	2	0.345099	0.812569	0.354552
OUT199 IP 199	3	-0.176461	0.912582	0.846376
OUT199 IP 199	4	-1.44655	1.3421	0.67655
OUT199 IP 199	5	-1.2173	0.449347	0.469898
OUT199 IP 199	6	-0.110397	0.356587	0.190569
OUT199 IP 199	7	-0.488847	0.240166	-0.256069
OUT199 IP 199	8	-1.29279	0.572256	-1.03747
OUT199 IP 199	9	-0.390498	0.102773	-0.192057
OUT199 IP 199	10	0.412349	-0.624338	-0.00149807
OUT199 IP 199	11	0.0581128	0.29098	-0.259406
OUT199 IP 199	12	0.602301	0.281165	-0.495369
OUT199 IP 199	13	1.34536	-1.66206	0.0301872
OUT199 IP 199	14	3.67316	-2.17421	1.30675
OUT199 IP 199	15	1.31955	-0.851361	1.21585
OUT199 IP 199	16	-0.335563	-0.116556	-0.148916
OUT199 IP 199	17	0.212068	-0.916476	0.498132
OUT199 IP 199	18	0.259558	-0.0847629	0.208624
OUT199 IP 199	19	0.450274	0.403111	0.0135595
OUT199 IP 199	20	-0.0744337	-0.322021	-0.23726
OUT199 IP 199	21	0.102462	-0.164835	0.0173191
OUT199 IP 199	22	0.0797292	-0.152261	-0.0728873
OUT199 IP 199	23	-1.14007	0.104954	0.066911
OUT199 IP 199	24	0.139208	-0.084768	-0.109085
OUT199 IP 199	25	-0.193033	-0.386616	-0.290299
OUT199 IP 199	26	0.0485982	0.872402	-0.507446
OUT199 IP 199	27	-0.166397	-0.276343	0.00752304
OUT199 IP 199	28	0.184154	0.106198	-0.003851
OUT199 IP 199	29	0.0282087	-0.538322	0.283951
OUT199 IP 199	30	2.7946	-0.646981	1.12792
OUT199 IP 199	31	0.897161	-0.104019	0.240735
OUT199 IP 199	32	0.336365	0.273162	0.427191
OUT199 IP 199	33	0.270571	0.0636401	0.226514
OUT199 IP 199	34	0.36202	-0.190473	0.111678
OUT199 IP 199	35	0.200195	-0.241091	0.221528
OUT199 IP 199	36	0.967781	-0.664642	-0.134646
OUT199 IP 199	37	0.440283	-0.162277	0.114725
OUT199 JetStat	199	3	3	0	0
OUT199 JET 199	0	9.2526	-3.87767	3.02191	
OUT199 CON	199	0	31	0	0	
OUT199 CON	199	0	30	0	0	
OUT199 CON	199	0	37	0	0	
OUT199 CON	199	0	0	0	0	
OUT199 CON	199	0	14	0	0	
OUT199 CON	199	0	34	0	0	
OUT199 JET 199	1	2.8607	-3.14938	-0.0883749	
OUT199 CON	199	1	36	0	0	
OUT199 CON	199	1	21	0	0	
OUT199 CON	199	1	10	0	0	
OUT199 CON	199	1	13	0	0	
OUT199 JET 199	2	-2.34944	2.36347	0.842848	
OUT199 CON	199	2	1	0	0	
OUT199 CON	199	2	4	0	0	
OUT199 END	199	0	0	0	0
