OUT204 START	204	0	0	0	0
OUT204 LP	204	0	-0.858884	2.88378	0.622464
OUT204 IP 204	0	0.0473731	0.610142	0.296302
OUT204 IP 204	1	-0.00600579	0.349163	-0.180734
OUT204 IP 204	2	0.61576	-0.169932	-0.0118567
OUT204 IP 204	3	0.260177	-0.196028	0.11384
OUT204 IP 204	4	0.831463	0.481722	-0.727609
OUT204 IP 204	5	-0.917829	3.77167	0.936722
OUT204 IP 204	6	0.0292091	0.416231	0.00974488
OUT204 IP 204	7	-0.00889489	0.257214	0.19628
OUT204 IP 204	8	-0.492277	-0.470707	-0.205459
OUT204 IP 204	9	0.106121	-0.4028	0.111139
OUT204 IP 204	10	0.039064	-0.586788	0.341669
OUT204 IP 204	11	-0.151974	0.454116	0.0865944
OUT204 IP 204	12	-1.57449	0.867929	0.101608
OUT204 IP 204	13	-0.209027	-0.40009	0.252057
OUT204 IP 204	14	0.399443	0.272301	-0.395703
OUT204 IP 204	15	-0.904575	-0.467909	0.235589
OUT204 IP 204	16	-0.640183	0.652051	-0.130761
OUT204 IP 204	17	-0.868239	0.348208	-0.0950716
OUT204 IP 204	18	-0.574064	0.187992	-0.31881
OUT204 IP 204	19	-0.740397	-0.66831	0.31019
OUT204 IP 204	20	0.555767	-0.429972	-0.487382
OUT204 IP 204	21	0.526704	-0.462856	-0.0917912
OUT204 IP 204	22	-0.0131382	-0.505268	-0.322584
OUT204 IP 204	23	-0.649766	0.0584208	-0.549098
OUT204 IP 204	24	0.0679324	-0.402588	-0.121711
OUT204 IP 204	25	0.0889789	0.383837	0.156947
OUT204 IP 204	26	-0.571467	1.43096	0.344013
OUT204 IP 204	27	0.219512	-0.0526317	-0.141876
OUT204 IP 204	28	0.523479	-0.324653	-0.116324
OUT204 IP 204	29	-0.761468	-0.780198	0.0648038
OUT204 IP 204	30	-0.22484	-0.14639	-0.142074
OUT204 IP 204	31	-0.0931821	0.567213	0.265389
OUT204 IP 204	32	-0.11926	0.0925108	-0.0864326
OUT204 IP 204	33	-0.108436	0.173948	0.183524
OUT204 IP 204	34	0.212504	-0.135175	0.180924
OUT204 IP 204	35	0.328619	-0.169461	0.00212626
OUT204 IP 204	36	-0.227463	0.964354	0.407134
OUT204 IP 204	37	-0.858884	2.88378	0.622464
OUT204 IP 204	38	-0.109242	0.484592	0.445898
OUT204 IP 204	39	-0.216391	0.736194	0.420507
OUT204 IP 204	40	-0.296758	0.616587	0.345483
OUT204 IP 204	41	-0.14324	-0.0723592	0.137268
OUT204 IP 204	42	0.418517	0.0637704	0.211416
OUT204 JetStat	204	3	3	0	0
OUT204 JET 204	0	-3.34178	11.45	3.40534	
OUT204 CON	204	0	40	0	0	
OUT204 CON	204	0	39	0	0	
OUT204 CON	204	0	31	0	0	
OUT204 CON	204	0	36	0	0	
OUT204 CON	204	0	26	0	0	
OUT204 CON	204	0	5	0	0	
OUT204 CON	204	0	11	0	0	
OUT204 CON	204	0	37	0	0	
OUT204 JET 204	1	-3.11825	1.89155	-0.123697	
OUT204 CON	204	1	16	0	0	
OUT204 CON	204	1	12	0	0	
OUT204 CON	204	1	17	0	0	
OUT204 JET 204	2	-2.43025	-1.93427	0.607506	
OUT204 CON	204	2	15	0	0	
OUT204 CON	204	2	19	0	0	
OUT204 CON	204	2	29	0	0	
OUT204 END	204	0	0	0	0
