OUT76 START	76	0	0	0	0
OUT76 LP	76	0	1.30757	-3.59564	-1.0232
OUT76 IP 76	0	0.564974	0.880391	-0.353092
OUT76 IP 76	1	0.126468	-0.129731	-0.0819695
OUT76 IP 76	2	1.02552	-0.892757	-0.225056
OUT76 IP 76	3	0.676265	-1.41113	-0.493436
OUT76 IP 76	4	0.383377	-0.470174	0.221475
OUT76 IP 76	5	0.214729	0.0351982	-0.126427
OUT76 IP 76	6	-0.0669426	0.198475	-0.186954
OUT76 IP 76	7	0.202625	0.160874	-0.0344736
OUT76 IP 76	8	0.0943383	0.273096	0.241124
OUT76 IP 76	9	0.206594	-0.360653	0.394736
OUT76 IP 76	10	0.00897182	-0.671497	0.524139
OUT76 IP 76	11	-0.102687	0.341255	0.234868
OUT76 IP 76	12	0.228068	-0.362867	0.0431857
OUT76 IP 76	13	-0.823171	-0.764905	-0.117591
OUT76 IP 76	14	0.264716	-0.362702	0.166215
OUT76 IP 76	15	1.30757	-3.59564	-1.0232
OUT76 IP 76	16	0.0422438	-0.326325	-0.130887
OUT76 IP 76	17	1.93668	-2.11274	-0.262618
OUT76 IP 76	18	-0.0660521	-0.468182	-0.262121
OUT76 IP 76	19	1.07439	-1.67657	-0.205711
OUT76 IP 76	20	0.956116	0.479174	-0.891006
OUT76 IP 76	21	0.312085	0.25245	0.265197
OUT76 IP 76	22	-0.0939104	-0.287793	-0.0977241
OUT76 IP 76	23	-0.203465	0.126181	-0.114348
OUT76 IP 76	24	-0.0250173	-0.293915	-0.0839823
OUT76 IP 76	25	0.196102	-0.461192	0.177597
OUT76 IP 76	26	-0.0135671	-0.402349	0.0305291
OUT76 JetStat	76	1	1	0	0
OUT76 JET 76	0	6.54015	-10.7072	-2.36639	
OUT76 CON	76	0	1	0	0	
OUT76 CON	76	0	2	0	0	
OUT76 CON	76	0	17	0	0	
OUT76 CON	76	0	12	0	0	
OUT76 CON	76	0	16	0	0	
OUT76 CON	76	0	19	0	0	
OUT76 CON	76	0	3	0	0	
OUT76 CON	76	0	15	0	0	
OUT76 END	76	0	0	0	0
