OUT21 START	21	0	0	0	0
OUT21 LP	21	0	-2.93552	-2.72265	-3.32487
OUT21 IP 21	0	-0.307794	0.048804	-0.133515
OUT21 IP 21	1	0.336721	1.73001	-1.02414
OUT21 IP 21	2	0.233997	0.622509	-0.391221
OUT21 IP 21	3	-3.03209	-1.95866	-2.14454
OUT21 IP 21	4	-2.93552	-2.72265	-3.32487
OUT21 IP 21	5	0.246644	-0.026456	-0.0056818
OUT21 IP 21	6	0.239568	-0.534421	0.462019
OUT21 IP 21	7	-1.37464	-1.71761	-0.706107
OUT21 IP 21	8	-0.509761	-0.195599	-0.224531
OUT21 IP 21	9	0.217879	-0.336119	-0.172306
OUT21 IP 21	10	-0.599662	-0.852573	-0.717436
OUT21 IP 21	11	2.74006	-1.31605	2.91042
OUT21 IP 21	12	-0.298824	0.0330432	-0.175375
OUT21 IP 21	13	-0.0334074	0.163967	-0.0231274
OUT21 IP 21	14	0.950028	-0.517351	-0.18186
OUT21 IP 21	15	-0.0220546	-0.299444	0.0729992
OUT21 IP 21	16	-0.0302608	-0.449165	0.42983
OUT21 IP 21	17	0.842147	0.17949	-0.0935403
OUT21 IP 21	18	-0.328397	-0.0401576	0.286598
OUT21 IP 21	19	0.199336	-0.171056	-0.185175
OUT21 IP 21	20	0.367996	-0.488623	0.26868
OUT21 IP 21	21	0.411083	-0.67405	-0.189334
OUT21 IP 21	22	-1.57843	-0.671597	0.24112
OUT21 IP 21	23	-0.1713	-0.174968	-0.0100659
OUT21 IP 21	24	-0.228217	0.292728	-0.117729
OUT21 IP 21	25	-0.0331136	-0.172889	0.128224
OUT21 IP 21	26	-0.101277	0.138047	-0.0693404
OUT21 IP 21	27	0.516298	0.115341	-0.374699
OUT21 IP 21	28	0.42105	0.0195067	0.180099
OUT21 IP 21	29	-0.195526	0.0791163	0.0579951
OUT21 IP 21	30	0.330442	-0.00749447	0.291434
OUT21 IP 21	31	-0.311143	0.0862111	-0.119829
OUT21 IP 21	32	-1.20209	-0.685824	-0.815412
OUT21 IP 21	33	-1.84016	-0.558179	-1.1723
OUT21 JetStat	21	2	2	0	0
OUT21 JET 21	0	-10.3005	-7.09705	-8.3585	
OUT21 CON	21	0	10	0	0	
OUT21 CON	21	0	4	0	0	
OUT21 CON	21	0	33	0	0	
OUT21 CON	21	0	8	0	0	
OUT21 CON	21	0	3	0	0	
OUT21 CON	21	0	32	0	0	
OUT21 JET 21	1	2.74006	-1.31605	2.91042	
OUT21 CON	21	1	11	0	0	
OUT21 END	21	0	0	0	0
