OUT123 START	123	0	0	0	0
OUT123 LP	123	0	0.890694	3.49608	0.677634
OUT123 IP 123	0	-0.0239357	0.514137	-0.264393
OUT123 IP 123	1	-0.605224	0.988786	0.303747
OUT123 IP 123	2	-0.615063	0.838776	0.150255
OUT123 IP 123	3	0.227186	0.270467	0.174486
OUT123 IP 123	4	-0.143713	-0.398078	0.384071
OUT123 IP 123	5	0.37169	2.60982	0.578903
OUT123 IP 123	6	0.621394	-0.724822	-0.509488
OUT123 IP 123	7	-0.65824	0.119009	-0.0698698
OUT123 IP 123	8	-0.0485627	-0.199085	0.0321267
OUT123 IP 123	9	-0.615366	-0.149675	0.641104
OUT123 IP 123	10	-0.524309	-0.576214	-0.276731
OUT123 IP 123	11	0.233876	-0.300031	0.184259
OUT123 IP 123	12	-0.286758	-0.0858443	-0.0858593
OUT123 IP 123	13	-0.702288	0.188185	0.0754191
OUT123 IP 123	14	-0.511006	0.313747	0.174439
OUT123 IP 123	15	0.234691	-0.064091	-0.113712
OUT123 IP 123	16	-0.465982	-0.284628	-0.374325
OUT123 IP 123	17	-0.281836	0.0916537	-0.191394
OUT123 IP 123	18	-0.102241	0.352232	0.107982
OUT123 IP 123	19	-0.172734	0.272739	-0.170992
OUT123 IP 123	20	0.113508	-0.269136	-0.229874
OUT123 IP 123	21	0.00112295	0.484355	-0.257646
OUT123 IP 123	22	-0.10886	-0.159779	0.176491
OUT123 IP 123	23	0.325552	0.637813	0.0209225
OUT123 IP 123	24	-0.0136895	1.11831	-0.0260555
OUT123 IP 123	25	0.475578	0.483867	0.650136
OUT123 IP 123	26	0.429151	1.34711	0.671916
OUT123 IP 123	27	0.274877	1.17909	0.137553
OUT123 IP 123	28	0.890694	3.49608	0.677634
OUT123 IP 123	29	0.33961	0.354998	-0.365074
OUT123 IP 123	30	-1.04363	0.367477	0.863125
OUT123 IP 123	31	-0.161747	0.143135	0.061611
OUT123 IP 123	32	0.150629	-0.227857	-0.148152
OUT123 IP 123	33	-0.16953	0.401803	-0.0154152
OUT123 IP 123	34	-0.180244	-0.713306	0.238267
OUT123 IP 123	35	0.267808	0.337618	-0.269782
OUT123 IP 123	36	-0.0576741	-0.235721	0.148125
OUT123 IP 123	37	-0.0570789	0.165766	-0.130553
OUT123 IP 123	38	0.469539	-0.151175	0.203071
OUT123 IP 123	39	0.203053	0.262261	0.277647
OUT123 IP 123	40	0.0798241	0.274755	-0.232205
OUT123 JetStat	123	2	2	0	0
OUT123 JET 123	0	2.29262	10.4545	2.04126	
OUT123 CON	123	0	24	0	0	
OUT123 CON	123	0	23	0	0	
OUT123 CON	123	0	26	0	0	
OUT123 CON	123	0	5	0	0	
OUT123 CON	123	0	27	0	0	
OUT123 CON	123	0	28	0	0	
OUT123 JET 123	1	-1.66964	2.7513	0.605501	
OUT123 CON	123	1	18	0	0	
OUT123 CON	123	1	33	0	0	
OUT123 CON	123	1	31	0	0	
OUT123 CON	123	1	1	0	0	
OUT123 CON	123	1	2	0	0	
OUT123 END	123	0	0	0	0
