OUT158 START	158	0	0	0	0
OUT158 LP	158	0	-2.76028	1.38853	0.0493907
OUT158 IP 158	0	-0.373359	-0.0426536	0.0451441
OUT158 IP 158	1	-0.159952	0.00829903	0.0772895
OUT158 IP 158	2	-0.453045	-0.946297	-0.648167
OUT158 IP 158	3	1.34564	0.728042	1.47326
OUT158 IP 158	4	0.971556	0.0955365	0.0337259
OUT158 IP 158	5	1.38648	0.555979	0.448222
OUT158 IP 158	6	0.700287	0.402856	-0.405904
OUT158 IP 158	7	-0.491034	-0.452255	-0.0639889
OUT158 IP 158	8	1.00519	-1.12368	-0.0634665
OUT158 IP 158	9	0.677301	-0.0810415	-0.182748
OUT158 IP 158	10	-0.147692	-0.751087	-0.328525
OUT158 IP 158	11	-0.5447	-2.13295	-1.93793
OUT158 IP 158	12	-0.131625	-0.186699	0.0170952
OUT158 IP 158	13	-2.83569	-0.0377085	0.117248
OUT158 IP 158	14	-2.35408	-0.59685	0.507927
OUT158 IP 158	15	-0.71433	0.104988	0.0237391
OUT158 IP 158	16	-1.16293	0.0339701	0.21344
OUT158 IP 158	17	-0.676529	-0.125511	-0.431405
OUT158 IP 158	18	-0.745132	-0.385995	-0.573669
OUT158 IP 158	19	1.40652	0.961473	0.904043
OUT158 IP 158	20	-0.0764122	0.234244	0.220289
OUT158 IP 158	21	0.480371	-0.147897	0.0249776
OUT158 IP 158	22	-1.05483	0.230869	-0.270519
OUT158 IP 158	23	-1.29402	-0.0486209	0.368183
OUT158 IP 158	24	-2.76028	1.38853	0.0493907
OUT158 IP 158	25	-0.760348	0.0553103	0.429182
OUT158 IP 158	26	-0.541354	0.045146	0.178389
OUT158 IP 158	27	-0.196464	0.317881	-0.322634
OUT158 JetStat	158	4	4	0	0
OUT158 JET 158	0	-10.275	-0.483741	1.93633	
OUT158 CON	158	0	25	0	0	
OUT158 CON	158	0	1	0	0	
OUT158 CON	158	0	14	0	0	
OUT158 CON	158	0	26	0	0	
OUT158 CON	158	0	23	0	0	
OUT158 CON	158	0	15	0	0	
OUT158 CON	158	0	16	0	0	
OUT158 CON	158	0	0	0	0	
OUT158 CON	158	0	13	0	0	
OUT158 JET 158	1	-3.83858	1.62826	-0.218478	
OUT158 CON	158	1	22	0	0	
OUT158 CON	158	1	24	0	0	
OUT158 JET 158	2	-1.15112	-3.84752	-2.88364	
OUT158 CON	158	2	10	0	0	
OUT158 CON	158	2	2	0	0	
OUT158 CON	158	2	11	0	0	
OUT158 JET 158	3	2.80969	1.52641	1.34478	
OUT158 CON	158	3	5	0	0	
OUT158 CON	158	3	19	0	0	
OUT158 END	158	0	0	0	0
