OUT270 START	270	0	0	0	0
OUT270 LP	270	0	2.01601	-4.48083	1.7937
OUT270 IP 270	0	-0.151779	-0.00766593	-0.141555
OUT270 IP 270	1	-0.109551	0.68288	-0.46819
OUT270 IP 270	2	0.318413	2.6543	-1.83835
OUT270 IP 270	3	0.43941	1.08721	0.245882
OUT270 IP 270	4	1.04176	0.258402	0.821191
OUT270 IP 270	5	1.18856	-0.766214	-0.93549
OUT270 IP 270	6	-0.217445	-0.240906	-0.25004
OUT270 IP 270	7	0.208571	-0.667681	-0.621057
OUT270 IP 270	8	-0.587835	0.188901	0.33966
OUT270 IP 270	9	0.397862	1.16133	1.22555
OUT270 IP 270	10	0.202125	0.500418	0.222368
OUT270 IP 270	11	2.01601	-4.48083	1.7937
OUT270 IP 270	12	0.636542	-2.10426	1.66773
OUT270 IP 270	13	-0.279321	-0.326839	-0.346221
OUT270 IP 270	14	-0.0241682	0.426467	-0.255044
OUT270 IP 270	15	0.632786	0.695616	0.48872
OUT270 IP 270	16	-0.344001	-0.96933	0.0362292
OUT270 IP 270	17	0.661005	-0.40175	0.140495
OUT270 IP 270	18	-0.59831	-0.148258	0.244335
OUT270 IP 270	19	0.19623	-0.864776	0.132358
OUT270 IP 270	20	-0.339049	-0.620474	0.116438
OUT270 IP 270	21	-0.41649	0.545849	-0.20346
OUT270 IP 270	22	-0.514918	0.683942	0.586596
OUT270 IP 270	23	-0.0565324	2.14296	1.38491
OUT270 IP 270	24	-0.49366	0.894275	0.869913
OUT270 IP 270	25	0.29261	0.972181	0.584309
OUT270 IP 270	26	-0.0886851	-0.175204	0.190016
OUT270 IP 270	27	0.019333	-0.184652	0.0295009
OUT270 IP 270	28	-0.378496	0.229591	0.211331
OUT270 IP 270	29	-0.184394	0.0194102	-0.0668364
OUT270 IP 270	30	1.01614	-1.32265	0.621332
OUT270 IP 270	31	-0.190384	-0.23142	-0.179175
OUT270 IP 270	32	-0.0888349	0.2905	0.21172
OUT270 IP 270	33	0.396388	0.411698	-0.0639682
OUT270 IP 270	34	0.0357645	-0.348933	0.223241
OUT270 IP 270	35	-0.325795	0.150491	0.240747
OUT270 IP 270	36	-0.0737871	0.141944	-0.0147993
OUT270 IP 270	37	0.327971	-0.0724418	0.177359
OUT270 IP 270	38	0.153747	0.0420734	0.139717
OUT270 IP 270	39	-0.0377478	-0.326657	-0.0059095
OUT270 IP 270	40	-0.185928	0.132108	-0.189162
OUT270 JetStat	270	3	3	0	0
OUT270 JET 270	0	3.96183	-9.40239	4.40058	
OUT270 CON	270	0	34	0	0	
OUT270 CON	270	0	12	0	0	
OUT270 CON	270	0	27	0	0	
OUT270 CON	270	0	19	0	0	
OUT270 CON	270	0	11	0	0	
OUT270 CON	270	0	30	0	0	
OUT270 JET 270	1	0.759785	5.17455	3.58841	
OUT270 CON	270	1	9	0	0	
OUT270 CON	270	1	10	0	0	
OUT270 CON	270	1	25	0	0	
OUT270 CON	270	1	23	0	0	
OUT270 CON	270	1	32	0	0	
OUT270 JET 270	2	0.184902	3.78758	-2.56088	
OUT270 CON	270	2	1	0	0	
OUT270 CON	270	2	2	0	0	
OUT270 CON	270	2	14	0	0	
OUT270 END	270	0	0	0	0
