OUT38 START	38	0	0	0	0
OUT38 LP	38	0	-3.74788	2.62108	3.68074
OUT38 IP 38	0	-0.364373	-0.503924	0.303892
OUT38 IP 38	1	0.53821	-2.07949	0.550337
OUT38 IP 38	2	-1.16533	-0.253907	0.335436
OUT38 IP 38	3	0.0405566	0.353954	0.0361678
OUT38 IP 38	4	1.2429	0.354548	1.28367
OUT38 IP 38	5	0.246078	1.08897	-0.29334
OUT38 IP 38	6	0.389384	-0.0354265	0.14341
OUT38 IP 38	7	-0.173885	1.40675	-0.161813
OUT38 IP 38	8	-0.382104	-0.100404	-0.169919
OUT38 IP 38	9	0.474237	-1.46714	-0.225723
OUT38 IP 38	10	0.0530749	-0.449363	-0.258037
OUT38 IP 38	11	0.798835	-0.557871	-0.664627
OUT38 IP 38	12	-1.07895	1.0762	1.43672
OUT38 IP 38	13	-0.531842	0.693728	0.375782
OUT38 IP 38	14	-0.205771	-0.0115228	-0.0641224
OUT38 IP 38	15	-0.0276706	-0.252381	0.000782065
OUT38 IP 38	16	0.447211	-0.324768	0.27298
OUT38 IP 38	17	0.935556	-0.666117	0.921517
OUT38 IP 38	18	-0.12254	-0.268134	-0.17119
OUT38 IP 38	19	0.36267	-0.288091	0.214172
OUT38 IP 38	20	1.12402	-0.74131	-1.34474
OUT38 IP 38	21	0.671245	-0.649084	-0.724683
OUT38 IP 38	22	0.163556	-0.305079	-0.0819295
OUT38 IP 38	23	-0.692261	0.200641	0.692588
OUT38 IP 38	24	-0.714748	0.535294	0.325353
OUT38 IP 38	25	-0.423067	-0.137574	0.24925
OUT38 IP 38	26	-3.80269	2.37274	3.76977
OUT38 IP 38	27	-3.74788	2.62108	3.68074
OUT38 IP 38	28	-0.125864	-0.400627	-0.375198
OUT38 IP 38	29	-0.253626	-0.137575	0.179262
OUT38 IP 38	30	-0.126547	0.0891628	0.132928
OUT38 JetStat	38	2	2	0	0
OUT38 JET 38	0	-9.50391	6.39506	9.705	
OUT38 CON	38	0	23	0	0	
OUT38 CON	38	0	12	0	0	
OUT38 CON	38	0	26	0	0	
OUT38 CON	38	0	27	0	0	
OUT38 CON	38	0	30	0	0	
OUT38 JET 38	1	2.6022	-1.95465	-2.71888	
OUT38 CON	38	1	20	0	0	
OUT38 CON	38	1	11	0	0	
OUT38 CON	38	1	21	0	0	
OUT38 END	38	0	0	0	0
