OUT63 START	63	0	0	0	0
OUT63 LP	63	0	2.40317	-5.46734	-1.4703
OUT63 IP 63	0	-0.761374	1.71545	1.58754
OUT63 IP 63	1	0.109572	0.534551	0.242022
OUT63 IP 63	2	-1.12338	0.319677	1.13975
OUT63 IP 63	3	0.0376332	0.674056	-0.0217898
OUT63 IP 63	4	-0.788813	2.7429	0.453102
OUT63 IP 63	5	-0.912878	1.99918	0.945784
OUT63 IP 63	6	-1.19101	2.90358	0.0510213
OUT63 IP 63	7	0.958187	-0.484628	0.402797
OUT63 IP 63	8	0.25591	-0.735524	0.339775
OUT63 IP 63	9	0.0130194	-0.224273	0.184654
OUT63 IP 63	10	-0.566495	0.51468	0.472241
OUT63 IP 63	11	0.891175	0.0482403	-0.452018
OUT63 IP 63	12	-0.0547647	-0.322594	0.145957
OUT63 IP 63	13	0.268579	-0.773635	-0.675106
OUT63 IP 63	14	0.341767	-0.468031	0.477727
OUT63 IP 63	15	0.776062	0.928713	-0.994851
OUT63 IP 63	16	-0.0762125	0.400522	0.0270339
OUT63 IP 63	17	-0.797674	-2.01107	2.12803
OUT63 IP 63	18	-0.296252	-0.699967	0.544816
OUT63 IP 63	19	0.195932	0.148939	-0.232435
OUT63 IP 63	20	-0.173463	-0.102429	-0.182139
OUT63 IP 63	21	-0.393875	0.251273	0.162408
OUT63 IP 63	22	0.915456	0.0105041	0.0188682
OUT63 IP 63	23	-0.343303	0.19144	0.209804
OUT63 IP 63	24	-0.256145	1.50901	0.457976
OUT63 IP 63	25	0.49257	0.0442857	-0.158279
OUT63 IP 63	26	-0.216932	-0.227864	0.0241115
OUT63 IP 63	27	-0.29214	0.500242	-0.130996
OUT63 IP 63	28	-0.704673	-0.538933	0.107534
OUT63 IP 63	29	-0.21042	-1.56812	0.509725
OUT63 IP 63	30	0.0769261	-0.895347	-0.204016
OUT63 IP 63	31	0.489305	-0.28384	0.507374
OUT63 IP 63	32	0.731067	-1.42332	0.552802
OUT63 IP 63	33	0.520329	0.200404	-0.187197
OUT63 IP 63	34	-0.0714953	0.438816	0.00239547
OUT63 IP 63	35	-0.198996	-0.0609405	-0.0686608
OUT63 IP 63	36	0.66075	-0.250426	0.513452
OUT63 IP 63	37	0.0310344	-0.342984	0.105724
OUT63 IP 63	38	0.473405	-1.39875	0.239977
OUT63 IP 63	39	0.320654	-0.16737	-0.0775489
OUT63 IP 63	40	2.40317	-5.46734	-1.4703
OUT63 IP 63	41	0.189712	-0.244331	-0.116434
OUT63 IP 63	42	0.000965478	0.346587	0.226427
OUT63 IP 63	43	0.580216	-0.447085	0.487874
OUT63 IP 63	44	1.34634	-0.952939	-0.53889
OUT63 IP 63	45	0.311824	0.0691894	0.26173
OUT63 IP 63	46	-0.334022	-0.36075	0.242472
OUT63 IP 63	47	0.430511	-0.336042	-0.0187963
OUT63 IP 63	48	0.251412	-0.534677	0.0795755
OUT63 IP 63	49	0.0940107	-0.195378	-0.0542975
OUT63 IP 63	50	0.619649	0.102392	0.368165
OUT63 IP 63	51	0.766246	-0.103316	0.062579
OUT63 IP 63	52	-0.275442	0.227016	-0.0201462
OUT63 IP 63	53	0.240849	-0.104922	-0.263326
OUT63 IP 63	54	-0.0452332	0.188716	0.082355
OUT63 JetStat	63	3	3	0	0
OUT63 JET 63	0	-3.35682	10.2305	1.99311	
OUT63 CON	63	0	5	0	0	
OUT63 CON	63	0	54	0	0	
OUT63 CON	63	0	24	0	0	
OUT63 CON	63	0	6	0	0	
OUT63 CON	63	0	34	0	0	
OUT63 CON	63	0	4	0	0	
OUT63 CON	63	0	16	0	0	
OUT63 JET 63	1	3.50765	-8.79053	-1.51384	
OUT63 CON	63	1	38	0	0	
OUT63 CON	63	1	48	0	0	
OUT63 CON	63	1	30	0	0	
OUT63 CON	63	1	41	0	0	
OUT63 CON	63	1	40	0	0	
OUT63 CON	63	1	49	0	0	
OUT63 JET 63	2	2.70275	-1.47397	1.88579	
OUT63 CON	63	2	31	0	0	
OUT63 CON	63	2	36	0	0	
OUT63 CON	63	2	7	0	0	
OUT63 CON	63	2	43	0	0	
OUT63 END	63	0	0	0	0
