OUT257 START	257	0	0	0	0
OUT257 LP	257	0	3.50224	0.481767	-1.64403
OUT257 IP 257	0	2.20394	2.71302	-2.85512
OUT257 IP 257	1	-0.346047	-0.234138	-0.206414
OUT257 IP 257	2	0.556519	-0.0986464	0.000400318
OUT257 IP 257	3	-0.191657	0.22321	-0.294176
OUT257 IP 257	4	0.602024	-0.0198652	-0.0445458
OUT257 IP 257	5	0.587829	-0.846366	-0.62913
OUT257 IP 257	6	1.01408	-2.33681	-1.18098
OUT257 IP 257	7	-0.135459	-0.849811	-0.223446
OUT257 IP 257	8	-0.497002	0.464468	0.349041
OUT257 IP 257	9	0.0909706	-0.476183	-0.0451307
OUT257 IP 257	10	-0.397594	0.842615	-0.326158
OUT257 IP 257	11	-0.735771	0.432552	-0.610163
OUT257 IP 257	12	-2.12404	3.10624	-0.260757
OUT257 IP 257	13	-0.818514	0.169016	0.0130866
OUT257 IP 257	14	-0.580218	-0.172565	-0.43269
OUT257 IP 257	15	-0.301205	0.421785	-0.0696173
OUT257 IP 257	16	-0.350898	-0.0382732	-0.253921
OUT257 IP 257	17	0.786338	-0.370407	0.185048
OUT257 IP 257	18	0.130153	-0.325913	-0.24441
OUT257 IP 257	19	0.508679	-1.96964	0.348607
OUT257 IP 257	20	0.479271	-0.42951	-0.472205
OUT257 IP 257	21	-0.190572	-0.400546	-0.265573
OUT257 IP 257	22	0.632863	0.594226	-0.141242
OUT257 IP 257	23	-0.0433253	0.393717	0.0765679
OUT257 IP 257	24	-0.362755	-0.285893	-0.254937
OUT257 IP 257	25	0.427599	0.0714559	-0.301607
OUT257 IP 257	26	-0.338678	1.05177	0.45466
OUT257 IP 257	27	-0.305441	0.290033	0.349134
OUT257 IP 257	28	-0.184408	-0.119465	0.171573
OUT257 IP 257	29	-1.5917	-0.819497	1.22692
OUT257 IP 257	30	-1.29695	0.0826886	0.648342
OUT257 IP 257	31	-0.825469	-0.196308	-0.166312
OUT257 IP 257	32	-1.31412	0.383267	0.0362137
OUT257 IP 257	33	0.40731	0.790602	0.305876
OUT257 IP 257	34	-0.136502	0.743288	0.331005
OUT257 IP 257	35	-3.13501	1.54703	-1.28301
OUT257 IP 257	36	-1.72684	0.599279	-0.394095
OUT257 IP 257	37	0.431814	0.42368	0.256119
OUT257 IP 257	38	-0.00171958	-0.41012	0.179561
OUT257 IP 257	39	-0.203704	0.0153081	0.0593424
OUT257 IP 257	40	0.110971	0.276554	0.212482
OUT257 IP 257	41	0.588366	0.110847	-0.0793976
OUT257 IP 257	42	0.204158	-0.0637293	0.115643
OUT257 IP 257	43	-0.916257	-1.1432	0.711519
OUT257 IP 257	44	-0.744471	-0.704651	0.565554
OUT257 IP 257	45	-1.13692	0.587884	0.861763
OUT257 IP 257	46	-0.109306	0.191498	0.0861235
OUT257 IP 257	47	-0.257672	0.469434	-0.320926
OUT257 IP 257	48	-0.0755254	0.341167	-0.302045
OUT257 IP 257	49	1.95658	-0.192306	-0.8297
OUT257 IP 257	50	2.8498	0.107434	-1.46718
OUT257 IP 257	51	0.770633	0.147696	-0.119235
OUT257 IP 257	52	3.11006	0.158009	-1.47995
OUT257 IP 257	53	3.50224	0.481767	-1.64403
OUT257 IP 257	54	1.97825	-0.107511	-0.42225
OUT257 JetStat	257	6	6	0	0
OUT257 JET 257	0	15.8493	0.760325	-6.33539	
OUT257 CON	257	0	4	0	0	
OUT257 CON	257	0	41	0	0	
OUT257 CON	257	0	51	0	0	
OUT257 CON	257	0	54	0	0	
OUT257 CON	257	0	25	0	0	
OUT257 CON	257	0	49	0	0	
OUT257 CON	257	0	53	0	0	
OUT257 CON	257	0	50	0	0	
OUT257 CON	257	0	52	0	0	
OUT257 JET 257	1	-7.02395	2.70959	-1.60965	
OUT257 CON	257	1	35	0	0	
OUT257 CON	257	1	36	0	0	
OUT257 CON	257	1	13	0	0	
OUT257 CON	257	1	32	0	0	
OUT257 JET 257	2	-2.828	4.37926	-0.651482	
OUT257 CON	257	2	10	0	0	
OUT257 CON	257	2	12	0	0	
OUT257 CON	257	2	15	0	0	
OUT257 JET 257	3	-3.49554	-2.83417	2.66645	
OUT257 CON	257	3	28	0	0	
OUT257 CON	257	3	29	0	0	
OUT257 CON	257	3	43	0	0	
OUT257 CON	257	3	44	0	0	
OUT257 JET 257	4	1.73935	-3.52277	-2.04882	
OUT257 CON	257	4	5	0	0	
OUT257 CON	257	4	6	0	0	
OUT257 CON	257	4	18	0	0	
OUT257 JET 257	5	2.20394	2.71302	-2.85512	
OUT257 CON	257	5	0	0	0	
OUT257 END	257	0	0	0	0
