OUT77 START	77	0	0	0	0
OUT77 LP	77	0	3.21954	-0.761224	-0.61345
OUT77 IP 77	0	0.240534	0.0480434	-0.176674
OUT77 IP 77	1	-0.599995	-0.251128	-0.602985
OUT77 IP 77	2	-0.570106	-0.526363	0.256041
OUT77 IP 77	3	-0.352228	-1.212	-1.09734
OUT77 IP 77	4	-0.0545897	0.257839	-0.23417
OUT77 IP 77	5	1.19053	0.7987	-1.10353
OUT77 IP 77	6	0.563964	0.177526	0.0926178
OUT77 IP 77	7	0.543079	0.595365	-0.223229
OUT77 IP 77	8	0.706118	1.13827	-0.715136
OUT77 IP 77	9	1.53584	-1.09199	0.330669
OUT77 IP 77	10	1.64347	-0.872085	-0.160032
OUT77 IP 77	11	-0.0446536	-1.35016	-0.555031
OUT77 IP 77	12	0.416324	-0.186094	0.40367
OUT77 IP 77	13	0.420915	-0.436225	0.17719
OUT77 IP 77	14	-0.554318	-0.291382	-0.0365027
OUT77 IP 77	15	0.0121804	0.186433	0.0206469
OUT77 IP 77	16	-0.238708	-0.206024	-0.101086
OUT77 IP 77	17	0.0621062	0.385938	-0.0964536
OUT77 IP 77	18	0.448358	-0.242455	-0.194495
OUT77 IP 77	19	-0.442662	0.372486	0.18861
OUT77 IP 77	20	-0.741324	0.50462	0.0458254
OUT77 IP 77	21	1.03074	2.18311	-2.28322
OUT77 IP 77	22	0.425527	-0.187729	-0.000273555
OUT77 IP 77	23	-0.145509	0.101537	0.0417893
OUT77 IP 77	24	-1.3692	0.117534	-0.527724
OUT77 IP 77	25	-1.12228	-0.907418	-0.666088
OUT77 IP 77	26	-0.807536	0.245944	-0.600287
OUT77 IP 77	27	-0.689874	-0.466463	-0.509011
OUT77 IP 77	28	-0.0299914	0.609571	-0.050573
OUT77 IP 77	29	0.342362	0.0236584	0.348159
OUT77 IP 77	30	0.954294	0.13251	-0.661077
OUT77 IP 77	31	1.4534	0.081023	-0.881941
OUT77 IP 77	32	0.658996	0.167783	-0.390996
OUT77 IP 77	33	1.53798	-0.473604	-0.137528
OUT77 IP 77	34	0.998395	-0.977609	0.142452
OUT77 IP 77	35	0.998023	-0.386652	0.207587
OUT77 IP 77	36	3.21954	-0.761224	-0.61345
OUT77 IP 77	37	0.975823	0.0726151	-0.00164405
OUT77 IP 77	38	0.079171	-0.163491	-0.0361569
OUT77 IP 77	39	-0.0674611	0.435391	-0.313608
OUT77 IP 77	40	1.36543	-0.546731	1.32185
OUT77 IP 77	41	-0.146246	-0.290822	-0.249074
OUT77 IP 77	42	-0.307731	0.255199	-0.0472328
OUT77 IP 77	43	0.103109	-0.282452	-0.267812
OUT77 IP 77	44	0.182849	-0.174246	-0.184326
OUT77 IP 77	45	-0.612991	-0.371176	-0.292173
OUT77 IP 77	46	-0.437065	-0.0133333	-0.342215
OUT77 IP 77	47	-0.601674	-0.243469	-0.515081
OUT77 IP 77	48	0.425069	0.200962	0.306116
OUT77 IP 77	49	0.0241219	0.213331	0.0790741
OUT77 JetStat	77	4	4	0	0
OUT77 JET 77	0	9.90865	-4.05868	-0.562475	
OUT77 CON	77	0	9	0	0	
OUT77 CON	77	0	35	0	0	
OUT77 CON	77	0	18	0	0	
OUT77 CON	77	0	10	0	0	
OUT77 CON	77	0	22	0	0	
OUT77 CON	77	0	33	0	0	
OUT77 CON	77	0	36	0	0	
OUT77 JET 77	1	-3.8939	-2.46293	-2.64939	
OUT77 CON	77	1	1	0	0	
OUT77 CON	77	1	47	0	0	
OUT77 CON	77	1	27	0	0	
OUT77 CON	77	1	45	0	0	
OUT77 CON	77	1	16	0	0	
OUT77 CON	77	1	25	0	0	
OUT77 JET 77	2	1.73952	3.32633	-2.96287	
OUT77 CON	77	2	8	0	0	
OUT77 CON	77	2	21	0	0	
OUT77 JET 77	3	3.31657	0.430687	-2.10889	
OUT77 CON	77	3	32	0	0	
OUT77 CON	77	3	31	0	0	
OUT77 CON	77	3	0	0	0	
OUT77 CON	77	3	30	0	0	
OUT77 END	77	0	0	0	0
