OUT153 START	153	0	0	0	0
OUT153 LP	153	0	-5.27341	-5.8728	-1.77158
OUT153 IP 153	0	0.368234	0.0538063	-0.333761
OUT153 IP 153	1	0.0867234	0.518081	-0.287748
OUT153 IP 153	2	-0.394958	0.326834	0.188062
OUT153 IP 153	3	-0.382111	0.00734469	0.328981
OUT153 IP 153	4	-0.287578	-0.841283	-0.168904
OUT153 IP 153	5	-5.27341	-5.8728	-1.77158
OUT153 IP 153	6	-3.20703	-3.27654	-0.553161
OUT153 IP 153	7	0.0277675	-0.26649	-0.227113
OUT153 IP 153	8	-0.158112	-0.245275	0.178264
OUT153 IP 153	9	0.568801	0.36866	0.248312
OUT153 IP 153	10	0.117067	-0.156696	-0.0883178
OUT153 IP 153	11	0.541933	0.249501	-0.332773
OUT153 IP 153	12	0.113813	-0.321806	0.110867
OUT153 IP 153	13	-0.259449	-0.0302478	-0.236079
OUT153 IP 153	14	-1.06388	0.0625722	0.325173
OUT153 JetStat	153	1	1	0	0
OUT153 JET 153	0	-8.48227	-9.15131	-2.32206	
OUT153 CON	153	0	5	0	0	
OUT153 CON	153	0	6	0	0	
OUT153 END	153	0	0	0	0
