OUT211 START	211	0	0	0	0
OUT211 LP	211	0	-2.85457	-1.64042	2.12576
OUT211 IP 211	0	1.12504	-0.470688	-0.721663
OUT211 IP 211	1	0.193021	-0.30813	-0.0181333
OUT211 IP 211	2	-1.38003	-0.59159	1.41409
OUT211 IP 211	3	-0.941209	-0.387696	0.515084
OUT211 IP 211	4	-2.85457	-1.64042	2.12576
OUT211 IP 211	5	-2.38146	-1.4135	1.75169
OUT211 IP 211	6	-0.466315	-0.229226	0.481836
OUT211 IP 211	7	0.276271	-0.388409	-0.460551
OUT211 IP 211	8	-0.127715	0.392986	-0.159555
OUT211 IP 211	9	-0.577682	-0.434726	-0.0683675
OUT211 IP 211	10	1.63216	0.0189548	0.242002
OUT211 IP 211	11	0.198841	0.0242181	0.0726566
OUT211 IP 211	12	0.672752	1.30642	-0.264627
OUT211 IP 211	13	1.6143	-0.630899	-0.399646
OUT211 IP 211	14	-0.994375	1.86691	-0.696065
OUT211 IP 211	15	-0.943887	1.80758	-1.6004
OUT211 IP 211	16	-0.831701	-0.544458	0.34321
OUT211 IP 211	17	0.416567	-0.404465	0.230903
OUT211 IP 211	18	0.234868	-0.175256	0.13222
OUT211 IP 211	19	-0.214617	-0.393061	-0.304677
OUT211 IP 211	20	-0.80155	-0.546697	-0.596233
OUT211 IP 211	21	0.499002	-0.0171346	0.339389
OUT211 IP 211	22	1.0442	-0.409566	0.51614
OUT211 IP 211	23	0.538701	1.20419	1.28437
OUT211 IP 211	24	-0.345312	2.26277	-2.34239
OUT211 IP 211	25	0.178872	1.45158	-0.292755
OUT211 IP 211	26	-1.20943	1.34319	-0.820816
OUT211 IP 211	27	-0.580111	-0.239836	-0.231171
OUT211 IP 211	28	0.0104324	0.157794	0.0798119
OUT211 IP 211	29	0.0516891	0.236103	0.145841
OUT211 IP 211	30	-0.0909227	0.240298	0.23137
OUT211 IP 211	31	-0.228747	-0.0489234	-0.239283
OUT211 JetStat	211	2	2	0	0
OUT211 JET 211	0	-8.87209	-4.8157	6.56834	
OUT211 CON	211	0	16	0	0	
OUT211 CON	211	0	2	0	0	
OUT211 CON	211	0	6	0	0	
OUT211 CON	211	0	3	0	0	
OUT211 CON	211	0	4	0	0	
OUT211 CON	211	0	5	0	0	
OUT211 JET 211	1	-3.3023	5.4531	-3.22883	
OUT211 CON	211	1	15	0	0	
OUT211 CON	211	1	26	0	0	
OUT211 CON	211	1	8	0	0	
OUT211 CON	211	1	14	0	0	
OUT211 END	211	0	0	0	0
