OUT3 START	3	0	0	0	0
OUT3 LP	3	0	-3.00338	0.296408	0.00544945
OUT3 IP 3	0	-0.0918608	-0.145338	-0.153633
OUT3 IP 3	1	-0.221348	0.221232	-0.196355
OUT3 IP 3	2	0.340174	-0.362974	0.171934
OUT3 IP 3	3	0.94617	-1.10976	-0.240034
OUT3 IP 3	4	0.405506	-0.538647	0.289166
OUT3 IP 3	5	-0.364626	0.2146	-0.0406763
OUT3 IP 3	6	-3.00338	0.296408	0.00544945
OUT3 IP 3	7	-2.54596	0.464553	1.01462
OUT3 IP 3	8	-0.557237	1.3356	1.23764
OUT3 IP 3	9	0.48046	-0.273517	0.121831
OUT3 IP 3	10	0.051337	-0.155431	0.00357817
OUT3 IP 3	11	1.08761	-0.280397	0.0354425
OUT3 IP 3	12	0.381246	0.458257	-0.0855913
OUT3 IP 3	13	0.407153	0.215176	0.294632
OUT3 IP 3	14	0.132514	0.0985522	-0.103085
OUT3 IP 3	15	0.149549	0.47875	-0.165021
OUT3 IP 3	16	1.09157	0.677971	-0.160022
OUT3 IP 3	17	-0.49355	-0.404361	0.359816
OUT3 IP 3	18	-0.300062	-0.514263	-0.51259
OUT3 IP 3	19	0.0479196	-0.252362	0.227478
OUT3 IP 3	20	1.35837	-1.43217	0.241609
OUT3 IP 3	21	1.16593	-0.929345	-0.613125
OUT3 IP 3	22	1.1949	-1.33557	-0.209
OUT3 IP 3	23	-0.769144	0.554454	0.84788
OUT3 IP 3	24	0.463337	0.543042	0.495696
OUT3 IP 3	25	0.904445	-0.864129	0.31115
OUT3 IP 3	26	0.103745	-0.48422	0.25786
OUT3 IP 3	27	0.261634	-0.187825	-0.165379
OUT3 IP 3	28	-0.0308647	-1.14094	-0.148288
OUT3 IP 3	29	0.70202	-1.27731	0.886324
OUT3 IP 3	30	-0.274974	-0.469128	-0.315203
OUT3 IP 3	31	0.0495602	-1.21372	-0.439392
OUT3 IP 3	32	1.81607	-0.417294	0.588179
OUT3 IP 3	33	0.0340199	0.768868	0.226403
OUT3 IP 3	34	0.515758	-0.399929	0.169823
OUT3 IP 3	35	0.160863	-0.321484	0.00956198
OUT3 IP 3	36	0.28094	0.89236	0.858241
OUT3 IP 3	37	0.391565	-0.527005	0.0925164
OUT3 IP 3	38	0.270915	-0.30242	0.093387
OUT3 IP 3	39	0.0769431	-0.209344	0.069081
OUT3 JetStat	3	2	2	0	0
OUT3 JET 3	0	7.01108	-7.51063	1.03612	
OUT3 CON	3	0	35	0	0	
OUT3 CON	3	0	3	0	0	
OUT3 CON	3	0	22	0	0	
OUT3 CON	3	0	9	0	0	
OUT3 CON	3	0	4	0	0	
OUT3 CON	3	0	34	0	0	
OUT3 CON	3	0	2	0	0	
OUT3 CON	3	0	25	0	0	
OUT3 CON	3	0	37	0	0	
OUT3 CON	3	0	20	0	0	
OUT3 CON	3	0	38	0	0	
OUT3 JET 3	1	-5.55399	0.761609	1.00097	
OUT3 CON	3	1	6	0	0	
OUT3 CON	3	1	7	0	0	
OUT3 END	3	0	0	0	0
