OUT113 START	113	0	0	0	0
OUT113 LP	113	0	4.26049	5.37584	-2.43795
OUT113 IP 113	0	0.0882443	0.484572	0.0964862
OUT113 IP 113	1	0.435384	-0.778543	0.180406
OUT113 IP 113	2	1.35419	1.45044	1.16053
OUT113 IP 113	3	0.968429	1.59698	0.689211
OUT113 IP 113	4	1.17497	0.550723	-0.353241
OUT113 IP 113	5	3.86324	0.687284	-1.86864
OUT113 IP 113	6	3.80009	0.667003	-0.924845
OUT113 IP 113	7	0.6262	0.239292	-0.246331
OUT113 IP 113	8	2.96592	-0.0680978	2.23631
OUT113 IP 113	9	0.127835	0.35076	0.118723
OUT113 IP 113	10	0.126321	1.41866	-0.68387
OUT113 IP 113	11	-1.8918	0.37429	-1.84162
OUT113 IP 113	12	-1.75992	-0.715678	0.542708
OUT113 IP 113	13	0.310887	-0.166049	0.218348
OUT113 IP 113	14	0.207659	-0.343033	0.398084
OUT113 IP 113	15	-0.126103	-1.26397	1.06624
OUT113 IP 113	16	-1.20648	-1.29221	0.539819
OUT113 IP 113	17	-0.729915	-0.291532	-0.651193
OUT113 IP 113	18	-0.756403	-0.524285	0.677296
OUT113 IP 113	19	-0.750531	0.965661	0.468058
OUT113 IP 113	20	-0.203708	-0.139158	-0.228365
OUT113 IP 113	21	0.195919	0.105715	-0.0350784
OUT113 IP 113	22	0.992763	-0.573661	0.771167
OUT113 IP 113	23	1.07036	0.607297	-0.138562
OUT113 IP 113	24	4.26049	5.37584	-2.43795
OUT113 IP 113	25	2.41852	2.80274	-1.8516
OUT113 IP 113	26	0.356465	0.504864	-0.201749
OUT113 IP 113	27	0.567001	-0.173306	-0.141747
OUT113 IP 113	28	3.72166	0.120616	-1.0949
OUT113 IP 113	29	2.97325	-1.55253	3.20458
OUT113 IP 113	30	0.104552	-0.194429	0.022983
OUT113 IP 113	31	-0.191889	-0.667176	0.292027
OUT113 IP 113	32	0.358287	-0.11315	-0.292142
OUT113 IP 113	33	0.347265	0.0682721	0.0907839
OUT113 IP 113	34	0.151873	0.468619	0.21536
OUT113 IP 113	35	0.380149	0.694975	-0.56288
OUT113 IP 113	36	0.505937	0.903854	-0.455578
OUT113 IP 113	37	-0.190689	-0.0929508	0.136917
OUT113 IP 113	38	-0.877903	-0.372587	0.54417
OUT113 IP 113	39	-0.296013	-0.426575	0.0858604
OUT113 IP 113	40	-0.585756	-0.410528	0.549451
OUT113 IP 113	41	1.21945	-0.583337	0.547399
OUT113 IP 113	42	0.0392982	-0.400555	0.256774
OUT113 JetStat	113	5	5	0	0
OUT113 JET 113	0	13.4856	2.39311	-4.50274	
OUT113 CON	113	0	21	0	0	
OUT113 CON	113	0	4	0	0	
OUT113 CON	113	0	7	0	0	
OUT113 CON	113	0	5	0	0	
OUT113 CON	113	0	6	0	0	
OUT113 CON	113	0	28	0	0	
OUT113 JET 113	1	7.93762	10.3047	-5.48643	
OUT113 CON	113	1	35	0	0	
OUT113 CON	113	1	36	0	0	
OUT113 CON	113	1	25	0	0	
OUT113 CON	113	1	24	0	0	
OUT113 CON	113	1	26	0	0	
OUT113 JET 113	2	5.49802	-2.87645	4.66694	
OUT113 CON	113	2	41	0	0	
OUT113 CON	113	2	29	0	0	
OUT113 CON	113	2	13	0	0	
OUT113 CON	113	2	22	0	0	
OUT113 JET 113	3	2.63303	3.91488	2.17351	
OUT113 CON	113	3	2	0	0	
OUT113 CON	113	3	34	0	0	
OUT113 CON	113	3	3	0	0	
OUT113 CON	113	3	9	0	0	
OUT113 JET 113	4	-4.19236	-2.12759	2.41125	
OUT113 CON	113	4	18	0	0	
OUT113 CON	113	4	40	0	0	
OUT113 CON	113	4	12	0	0	
OUT113 CON	113	4	37	0	0	
OUT113 CON	113	4	38	0	0	
OUT113 END	113	0	0	0	0
