OUT116 START	116	0	0	0	0
OUT116 LP	116	0	1.3519	2.37274	-1.10451
OUT116 IP 116	0	0.418727	0.974022	0.0514588
OUT116 IP 116	1	1.22457	0.971312	-0.0288766
OUT116 IP 116	2	-0.0488237	0.823069	-0.622864
OUT116 IP 116	3	0.421453	-0.813505	0.266089
OUT116 IP 116	4	-0.379815	-0.030875	0.377626
OUT116 IP 116	5	0.862899	2.53197	-0.531956
OUT116 IP 116	6	0.566524	0.803519	-0.262236
OUT116 IP 116	7	1.3519	2.37274	-1.10451
OUT116 IP 116	8	0.0107405	0.533931	-0.374808
OUT116 IP 116	9	-0.671423	-0.223736	-0.658332
OUT116 IP 116	10	-0.511206	-0.598582	-0.438179
OUT116 IP 116	11	-0.746539	0.764041	-0.598091
OUT116 IP 116	12	-0.0235143	-0.202585	-0.0244047
OUT116 IP 116	13	0.421256	-0.0140343	-0.216468
OUT116 IP 116	14	0.0876436	0.405292	-0.162168
OUT116 IP 116	15	0.0750518	0.214364	-0.12865
OUT116 IP 116	16	0.103136	0.156515	0.0972185
OUT116 IP 116	17	-0.126664	0.40994	-0.134348
OUT116 IP 116	18	1.13204	1.57289	-0.672467
OUT116 JetStat	116	1	1	0	0
OUT116 JET 116	0	4.53061	8.94718	-2.78799	
OUT116 CON	116	0	0	0	0	
OUT116 CON	116	0	14	0	0	
OUT116 CON	116	0	15	0	0	
OUT116 CON	116	0	5	0	0	
OUT116 CON	116	0	7	0	0	
OUT116 CON	116	0	6	0	0	
OUT116 CON	116	0	18	0	0	
OUT116 END	116	0	0	0	0
