OUT224 START	224	0	0	0	0
OUT224 LP	224	0	5.10699	1.43023	-4.61585
OUT224 IP 224	0	-0.190781	0.368937	-0.423253
OUT224 IP 224	1	-0.112769	-0.332492	-0.289612
OUT224 IP 224	2	0.0331246	0.603926	-0.189365
OUT224 IP 224	3	0.239526	0.242207	-0.171238
OUT224 IP 224	4	-0.201396	0.682742	-0.14587
OUT224 IP 224	5	-0.317619	1.54632	-0.056542
OUT224 IP 224	6	0.763164	2.25817	-0.950022
OUT224 IP 224	7	0.655748	0.251466	-0.260815
OUT224 IP 224	8	1.17959	1.94589	-1.15269
OUT224 IP 224	9	1.25784	1.73998	-1.14524
OUT224 IP 224	10	5.10699	1.43023	-4.61585
OUT224 IP 224	11	-0.264737	-0.346728	0.367475
OUT224 IP 224	12	-0.110063	0.397249	0.307003
OUT224 IP 224	13	1.26538	-0.480764	1.14033
OUT224 IP 224	14	-0.271164	-0.856136	0.369405
OUT224 IP 224	15	-0.404698	-0.450965	-0.254458
OUT224 IP 224	16	0.197074	0.0653976	-0.110697
OUT224 IP 224	17	1.15461	-1.48956	-1.70308
OUT224 IP 224	18	-0.207688	0.209802	0.0300512
OUT224 IP 224	19	0.771427	0.672225	-0.879618
OUT224 IP 224	20	0.42189	1.72842	-1.13373
OUT224 IP 224	21	0.512815	1.26609	-0.840315
OUT224 IP 224	22	-0.760352	0.402383	0.37513
OUT224 IP 224	23	-0.278033	-0.394255	-0.205877
OUT224 IP 224	24	-0.449352	-0.408804	-0.284955
OUT224 IP 224	25	0.107957	-0.264937	-0.141513
OUT224 IP 224	26	-0.184839	-0.279966	-0.330904
OUT224 JetStat	224	2	2	0	0
OUT224 JET 224	0	4.4286	9.29044	-5.37842	
OUT224 CON	224	0	20	0	0	
OUT224 CON	224	0	6	0	0	
OUT224 CON	224	0	21	0	0	
OUT224 CON	224	0	3	0	0	
OUT224 CON	224	0	8	0	0	
OUT224 CON	224	0	9	0	0	
OUT224 JET 224	1	5.30428	1.49569	-4.72085	
OUT224 CON	224	1	10	0	0	
OUT224 CON	224	1	16	0	0	
OUT224 END	224	0	0	0	0
