OUT115 START	115	0	0	0	0
OUT115 LP	115	0	-3.95993	-2.43767	3.90855
OUT115 IP 115	0	-0.457141	0.365414	-0.580196
OUT115 IP 115	1	-1.74817	-1.28772	1.25492
OUT115 IP 115	2	-3.95993	-2.43767	3.90855
OUT115 IP 115	3	-0.201502	-0.397033	0.0517203
OUT115 IP 115	4	-0.0735795	-0.230687	0.210061
OUT115 IP 115	5	1.54132	0.908113	1.35898
OUT115 IP 115	6	-0.441811	0.118803	-0.341408
OUT115 IP 115	7	1.05437	1.10279	-0.768712
OUT115 IP 115	8	1.00271	2.68663	-2.84433
OUT115 IP 115	9	0.691524	0.685403	-0.937157
OUT115 IP 115	10	-0.253767	0.192637	-0.00889995
OUT115 IP 115	11	-0.144108	0.146051	-0.0133051
OUT115 IP 115	12	-2.74062	-1.58626	2.32052
OUT115 IP 115	13	-1.77717	-0.671515	0.778666
OUT115 IP 115	14	0.158282	0.276184	0.320486
OUT115 IP 115	15	-0.176249	-0.403142	0.220203
OUT115 IP 115	16	-0.197198	-0.290058	-0.158991
OUT115 IP 115	17	0.0594184	-0.210816	-0.125899
OUT115 IP 115	18	0.231639	-0.0443615	0.0822826
OUT115 IP 115	19	0.00863315	-0.553056	0.199518
OUT115 IP 115	20	-0.298868	-0.168019	0.226835
OUT115 JetStat	115	1	1	0	0
OUT115 JET 115	0	-10.5599	-6.17052	8.42323	
OUT115 CON	115	0	13	0	0	
OUT115 CON	115	0	1	0	0	
OUT115 CON	115	0	2	0	0	
OUT115 CON	115	0	12	0	0	
OUT115 CON	115	0	20	0	0	
OUT115 END	115	0	0	0	0
