OUT184 START	184	0	0	0	0
OUT184 LP	184	0	2.34178	-6.17243	5.89832
OUT184 IP 184	0	-0.432954	0.249526	0.186633
OUT184 IP 184	1	-0.404814	0.241767	-0.138356
OUT184 IP 184	2	0.121804	0.341171	0.0942843
OUT184 IP 184	3	0.301114	0.449718	0.0174237
OUT184 IP 184	4	-1.35138	-1.23337	-0.0927227
OUT184 IP 184	5	-1.74472	-1.25336	0.219559
OUT184 IP 184	6	0.184992	-0.191507	-0.179882
OUT184 IP 184	7	0.34868	-0.0961906	0.00295132
OUT184 IP 184	8	2.34178	-6.17243	5.89832
OUT184 IP 184	9	0.383064	0.23747	-0.371839
OUT184 IP 184	10	-0.191311	0.0168401	-0.046063
OUT184 IP 184	11	-0.32697	0.143912	-0.112978
OUT184 IP 184	12	-0.386842	-0.127197	0.384944
OUT184 IP 184	13	-0.723039	0.454081	0.0396959
OUT184 IP 184	14	-0.411505	0.270031	0.480728
OUT184 IP 184	15	0.0483146	-0.587141	-0.137514
OUT184 IP 184	16	0.0706321	0.167511	0.0610717
OUT184 IP 184	17	0.553462	-2.50603	1.59061
OUT184 IP 184	18	0.601187	-2.37342	2.16922
OUT184 IP 184	19	0.19923	-0.112845	-0.00909552
OUT184 IP 184	20	-0.385202	0.222506	-0.232852
OUT184 IP 184	21	-0.0250556	-0.447865	0.331703
OUT184 IP 184	22	0.99246	0.0256065	0.173165
OUT184 IP 184	23	0.630411	0.0720749	0.160708
OUT184 IP 184	24	0.159551	0.140129	0.0677624
OUT184 JetStat	184	2	2	0	0
OUT184 JET 184	0	3.48375	-11.5512	9.95247	
OUT184 CON	184	0	21	0	0	
OUT184 CON	184	0	17	0	0	
OUT184 CON	184	0	8	0	0	
OUT184 CON	184	0	18	0	0	
OUT184 JET 184	1	-3.10134	-2.49097	0.126517	
OUT184 CON	184	1	4	0	0	
OUT184 CON	184	1	5	0	0	
OUT184 END	184	0	0	0	0
