OUT106 START	106	0	0	0	0
OUT106 LP	106	0	-1.83272	4.93475	4.30158
OUT106 IP 106	0	-0.00963608	0.981698	-0.723487
OUT106 IP 106	1	-0.299839	0.201915	0.0681393
OUT106 IP 106	2	0.570055	0.598433	0.483301
OUT106 IP 106	3	-1.50336	0.639795	0.128665
OUT106 IP 106	4	-0.153263	0.181846	0.218476
OUT106 IP 106	5	-0.94006	-0.65445	0.217629
OUT106 IP 106	6	-1.19516	-1.74659	-0.463251
OUT106 IP 106	7	0.527432	-2.43696	0.0244942
OUT106 IP 106	8	0.88659	-2.70437	1.51352
OUT106 IP 106	9	-0.086444	0.283778	-0.0477522
OUT106 IP 106	10	-0.234774	0.0123074	-0.0403754
OUT106 IP 106	11	0.148137	0.90313	0.344217
OUT106 IP 106	12	-0.878692	3.06833	1.96994
OUT106 IP 106	13	-0.178179	0.582307	-0.168818
OUT106 IP 106	14	-1.83272	4.93475	4.30158
OUT106 IP 106	15	-0.388298	0.304749	0.339892
OUT106 IP 106	16	-0.0532036	0.36562	0.334965
OUT106 IP 106	17	-0.578816	-0.0839394	-0.0826992
OUT106 IP 106	18	-0.739807	0.182121	-0.13379
OUT106 IP 106	19	0.611968	-0.0828669	0.252908
OUT106 IP 106	20	-0.610541	0.524334	0.0853505
OUT106 IP 106	21	-0.397717	0.0946704	-0.198087
OUT106 IP 106	22	-0.168378	-0.288753	-0.0496887
OUT106 IP 106	23	0.265027	0.131518	-0.104451
OUT106 IP 106	24	0.113742	0.208848	-0.136127
OUT106 IP 106	25	-0.472631	1.57065	0.519396
OUT106 IP 106	26	0.253086	1.05443	0.726427
OUT106 IP 106	27	0.177396	0.0560558	0.187321
OUT106 JetStat	106	2	2	0	0
OUT106 JET 106	0	-3.24076	9.95104	7.04776	
OUT106 CON	106	0	25	0	0	
OUT106 CON	106	0	16	0	0	
OUT106 CON	106	0	12	0	0	
OUT106 CON	106	0	14	0	0	
OUT106 JET 106	1	-3.19703	1.57065	0.148397	
OUT106 CON	106	1	18	0	0	
OUT106 CON	106	1	20	0	0	
OUT106 CON	106	1	1	0	0	
OUT106 CON	106	1	3	0	0	
OUT106 END	106	0	0	0	0
