OUT206 START	206	0	0	0	0
OUT206 LP	206	0	-2.01707	-3.67066	2.39543
OUT206 IP 206	0	-0.224396	0.382772	0.184508
OUT206 IP 206	1	0.414177	2.81957	2.92131
OUT206 IP 206	2	0.216158	0.490299	0.307796
OUT206 IP 206	3	2.41176	2.24988	-0.735746
OUT206 IP 206	4	1.53641	1.15819	-0.474224
OUT206 IP 206	5	0.884604	0.715309	-0.0569441
OUT206 IP 206	6	0.537789	-0.343667	-0.530399
OUT206 IP 206	7	-0.530733	-0.191264	-0.0234842
OUT206 IP 206	8	0.0373997	0.67967	-0.529521
OUT206 IP 206	9	-0.163312	-0.147593	0.0817155
OUT206 IP 206	10	-0.211549	-0.193831	0.285221
OUT206 IP 206	11	0.165297	0.952299	0.13443
OUT206 IP 206	12	0.528362	-0.483516	0.0428665
OUT206 IP 206	13	1.13468	0.00602295	-0.11978
OUT206 IP 206	14	1.23078	0.652892	-0.0726423
OUT206 IP 206	15	1.11008	1.38494	-0.0808196
OUT206 IP 206	16	0.682956	1.31576	-0.160617
OUT206 IP 206	17	-0.218762	-0.565164	-0.446437
OUT206 IP 206	18	0.077285	-0.450939	-0.351394
OUT206 IP 206	19	0.511439	0.00674968	-0.421633
OUT206 IP 206	20	0.859827	-0.0349883	-0.808278
OUT206 IP 206	21	-0.127127	0.156122	-0.1182
OUT206 IP 206	22	-0.368568	-1.08351	0.865365
OUT206 IP 206	23	0.180012	-0.325462	-0.118905
OUT206 IP 206	24	-0.485579	-0.236726	-0.0865787
OUT206 IP 206	25	-0.588551	-0.721158	-0.646847
OUT206 IP 206	26	-0.260424	0.146346	-0.27269
OUT206 IP 206	27	0.160928	0.0953453	0.16441
OUT206 IP 206	28	-0.174798	-0.186549	-0.104743
OUT206 IP 206	29	0.289581	0.661535	0.129036
OUT206 IP 206	30	0.706201	2.32855	0.990471
OUT206 IP 206	31	-2.01707	-3.67066	2.39543
OUT206 IP 206	32	-0.168558	-0.637822	0.586006
OUT206 IP 206	33	0.193785	-0.374152	0.212472
OUT206 IP 206	34	-0.392381	-0.0527782	0.0404725
OUT206 JetStat	206	3	3	0	0
OUT206 JET 206	0	7.97292	7.59371	-1.57528	
OUT206 CON	206	0	16	0	0	
OUT206 CON	206	0	14	0	0	
OUT206 CON	206	0	15	0	0	
OUT206 CON	206	0	5	0	0	
OUT206 CON	206	0	3	0	0	
OUT206 CON	206	0	4	0	0	
OUT206 JET 206	1	-2.56466	-5.41601	3.82966	
OUT206 CON	206	1	32	0	0	
OUT206 CON	206	1	22	0	0	
OUT206 CON	206	1	31	0	0	
OUT206 JET 206	2	1.38196	4.44806	1.54745	
OUT206 CON	206	2	11	0	0	
OUT206 CON	206	2	29	0	0	
OUT206 CON	206	2	2	0	0	
OUT206 CON	206	2	30	0	0	
OUT206 END	206	0	0	0	0
