OUT161 START	161	0	0	0	0
OUT161 LP	161	0	0.760568	4.60666	2.26929
OUT161 IP 161	0	-0.242554	-0.561115	0.598291
OUT161 IP 161	1	-1.3363	-1.39689	1.69892
OUT161 IP 161	2	0.565258	1.12112	-0.627598
OUT161 IP 161	3	-0.446812	1.11296	0.3533
OUT161 IP 161	4	0.235444	-0.0797439	0.169035
OUT161 IP 161	5	0.276887	1.89129	0.0570155
OUT161 IP 161	6	-0.236114	-0.10073	-0.0669464
OUT161 IP 161	7	0.760568	4.60666	2.26929
OUT161 IP 161	8	-0.145293	1.07845	0.454961
OUT161 IP 161	9	0.473226	3.66946	1.69542
OUT161 IP 161	10	-0.12359	2.24212	0.954874
OUT161 IP 161	11	0.145579	-0.276218	-0.20733
OUT161 IP 161	12	-0.324381	-0.806021	0.699922
OUT161 IP 161	13	0.182059	0.142684	0.131301
OUT161 IP 161	14	0.247797	0.090511	0.0957536
OUT161 IP 161	15	-0.647306	0.295612	0.403161
OUT161 IP 161	16	0.152738	0.0949998	0.0865392
OUT161 IP 161	17	-0.0375084	0.331598	0.0415468
OUT161 IP 161	18	-0.785289	0.160368	0.745097
OUT161 IP 161	19	-0.390927	-0.110704	-0.168954
OUT161 JetStat	161	2	2	0	0
OUT161 JET 161	0	0.9306	12.0003	5.40894	
OUT161 CON	161	0	17	0	0	
OUT161 CON	161	0	8	0	0	
OUT161 CON	161	0	10	0	0	
OUT161 CON	161	0	7	0	0	
OUT161 CON	161	0	9	0	0	
OUT161 JET 161	1	-1.93497	-2.81183	2.99447	
OUT161 CON	161	1	1	0	0	
OUT161 CON	161	1	0	0	0	
OUT161 CON	161	1	12	0	0	
OUT161 END	161	0	0	0	0
