OUT98 START	98	0	0	0	0
OUT98 LP	98	0	-8.18605	6.13949	9.31693
OUT98 IP 98	0	-1.03501	1.1825	1.11002
OUT98 IP 98	1	-8.18605	6.13949	9.31693
OUT98 IP 98	2	0.452406	0.4301	0.123573
OUT98 IP 98	3	1.2283	-0.124416	-0.274135
OUT98 IP 98	4	1.40906	0.638619	-1.46967
OUT98 IP 98	5	0.448375	-0.273692	0.376556
OUT98 IP 98	6	0.0328444	0.183295	0.126055
OUT98 IP 98	7	-0.324131	-0.373667	-0.075183
OUT98 IP 98	8	-0.717103	-0.0784663	0.47609
OUT98 IP 98	9	-1.65613	0.418054	0.985404
OUT98 IP 98	10	-0.150222	0.069645	-0.0980303
OUT98 IP 98	11	0.0505109	0.141248	-0.14455
OUT98 IP 98	12	-1.17539	0.942329	0.742636
OUT98 IP 98	13	1.69538	0.152435	-1.54258
OUT98 IP 98	14	-0.0482804	-0.518103	0.221324
OUT98 IP 98	15	0.119803	0.188627	0.0897438
OUT98 IP 98	16	0.217012	-0.299947	0.290485
OUT98 IP 98	17	0.672591	0.0050087	-0.645526
OUT98 IP 98	18	-0.341225	0.45091	-0.127631
OUT98 IP 98	19	-0.634516	0.629682	0.408143
OUT98 IP 98	20	-0.213984	0.24515	0.332442
OUT98 IP 98	21	0.117534	-0.155766	0.0271063
OUT98 IP 98	22	1.49305	-1.70902	0.111839
OUT98 JetStat	98	2	2	0	0
OUT98 JET 98	0	-11.2745	9.16523	11.8129	
OUT98 CON	98	0	19	0	0	
OUT98 CON	98	0	12	0	0	
OUT98 CON	98	0	0	0	0	
OUT98 CON	98	0	1	0	0	
OUT98 CON	98	0	20	0	0	
OUT98 JET 98	1	3.83728	0.810082	-3.65724	
OUT98 CON	98	1	4	0	0	
OUT98 CON	98	1	13	0	0	
OUT98 CON	98	1	17	0	0	
OUT98 END	98	0	0	0	0
