OUT138 START	138	0	0	0	0
OUT138 LP	138	0	-6.50851	-1.01544	2.7976
OUT138 IP 138	0	0.597574	0.15748	0.230942
OUT138 IP 138	1	-0.40114	0.172291	0.147524
OUT138 IP 138	2	0.439238	-0.608535	-0.0481563
OUT138 IP 138	3	-1.08854	0.526453	-0.533719
OUT138 IP 138	4	-0.565844	0.0776784	-0.21907
OUT138 IP 138	5	-1.2668	-0.582505	0.314246
OUT138 IP 138	6	0.269885	0.388487	0.258504
OUT138 IP 138	7	0.103016	0.62271	-0.605244
OUT138 IP 138	8	0.00177861	0.649455	-0.622629
OUT138 IP 138	9	-0.87854	-0.0797799	-0.60355
OUT138 IP 138	10	0.526884	-0.793529	0.401768
OUT138 IP 138	11	1.50633	2.6311	2.6957
OUT138 IP 138	12	-0.0961388	-0.211406	0.19394
OUT138 IP 138	13	-0.10665	0.649975	0.152318
OUT138 IP 138	14	-0.345476	-0.0421174	-0.0213404
OUT138 IP 138	15	-0.645735	-0.00677412	0.356127
OUT138 IP 138	16	-6.50851	-1.01544	2.7976
OUT138 IP 138	17	-1.11078	0.0519211	0.582929
OUT138 IP 138	18	-1.21244	-0.574182	0.659505
OUT138 IP 138	19	1.02794	-0.17536	-0.544869
OUT138 IP 138	20	0.417011	-0.408786	-0.297231
OUT138 IP 138	21	1.18696	-0.390434	0.942076
OUT138 IP 138	22	-1.21069	0.374559	-0.938926
OUT138 JetStat	138	3	3	0	0
OUT138 JET 138	0	-10.8693	-2.1548	4.69636	
OUT138 CON	138	0	5	0	0	
OUT138 CON	138	0	18	0	0	
OUT138 CON	138	0	17	0	0	
OUT138 CON	138	0	15	0	0	
OUT138 CON	138	0	16	0	0	
OUT138 JET 138	1	1.77704	3.02091	2.94224	
OUT138 CON	138	1	6	0	0	
OUT138 CON	138	1	11	0	0	
OUT138 JET 138	2	-2.8841	0.984846	-1.6756	
OUT138 CON	138	2	4	0	0	
OUT138 CON	138	2	3	0	0	
OUT138 CON	138	2	22	0	0	
OUT138 END	138	0	0	0	0
