OUT133 START	133	0	0	0	0
OUT133 LP	133	0	-1.88501	-5.50498	-0.641891
OUT133 IP 133	0	-0.331431	-0.997387	0.0315602
OUT133 IP 133	1	-0.261058	-1.99014	1.52891
OUT133 IP 133	2	0.373172	-1.70073	1.43895
OUT133 IP 133	3	-1.56115	1.00374	1.81624
OUT133 IP 133	4	0.0965648	0.158626	-0.0619104
OUT133 IP 133	5	-0.00622183	0.720421	0.185711
OUT133 IP 133	6	-0.380514	1.17553	0.780788
OUT133 IP 133	7	0.890842	1.73499	-1.00756
OUT133 IP 133	8	-0.612611	0.869868	-0.797126
OUT133 IP 133	9	0.608151	-0.208953	0.290558
OUT133 IP 133	10	1.4806	0.562527	1.42849
OUT133 IP 133	11	0.275151	0.693936	0.610233
OUT133 IP 133	12	1.32759	1.10422	1.1567
OUT133 IP 133	13	0.679349	0.240541	0.509896
OUT133 IP 133	14	0.283545	-0.465761	0.420063
OUT133 IP 133	15	-0.693342	-3.77632	-0.24288
OUT133 IP 133	16	-0.0250333	-0.816574	0.01449
OUT133 IP 133	17	-0.81409	-1.77392	0.247009
OUT133 IP 133	18	0.0641099	-0.31853	-0.04501
OUT133 IP 133	19	0.083525	-1.05324	0.677455
OUT133 IP 133	20	-1.41372	1.89107	2.35351
OUT133 IP 133	21	-0.510197	0.714207	-0.61899
OUT133 IP 133	22	-0.0180937	1.20241	-0.498906
OUT133 IP 133	23	0.267233	0.280418	-0.160862
OUT133 IP 133	24	0.310092	0.188359	0.112272
OUT133 IP 133	25	0.283386	0.361454	0.240534
OUT133 IP 133	26	0.34305	-0.225135	0.394019
OUT133 IP 133	27	0.0429223	0.625536	0.461847
OUT133 IP 133	28	2.19051	1.22433	2.20839
OUT133 IP 133	29	1.52918	1.13107	0.53639
OUT133 IP 133	30	0.153333	-0.0795729	0.132527
OUT133 IP 133	31	1.0489	-0.267074	0.429097
OUT133 IP 133	32	-1.88501	-5.50498	-0.641891
OUT133 IP 133	33	-0.0624826	0.389109	-0.32214
OUT133 IP 133	34	-0.240107	-0.283257	0.299111
OUT133 IP 133	35	0.486034	0.134424	0.110295
OUT133 IP 133	36	-0.0455078	-0.183131	0.0109904
OUT133 IP 133	37	0.39423	0.052388	-0.130999
OUT133 IP 133	38	0.121142	-0.23901	0.12795
OUT133 IP 133	39	-0.475224	0.0458558	-0.477282
OUT133 JetStat	133	4	4	0	0
OUT133 JET 133	0	-3.81345	-13.1239	-0.580105	
OUT133 CON	133	0	16	0	0	
OUT133 CON	133	0	17	0	0	
OUT133 CON	133	0	36	0	0	
OUT133 CON	133	0	15	0	0	
OUT133 CON	133	0	0	0	0	
OUT133 CON	133	0	32	0	0	
OUT133 JET 133	1	5.72708	3.15947	5.28704	
OUT133 CON	133	1	12	0	0	
OUT133 CON	133	1	13	0	0	
OUT133 CON	133	1	10	0	0	
OUT133 CON	133	1	28	0	0	
OUT133 JET 133	2	0.197847	-4.80085	3.63988	
OUT133 CON	133	2	2	0	0	
OUT133 CON	133	2	1	0	0	
OUT133 CON	133	2	19	0	0	
OUT133 JET 133	3	-3.02298	2.94029	4.16966	
OUT133 CON	133	3	3	0	0	
OUT133 CON	133	3	20	0	0	
OUT133 END	133	0	0	0	0
