OUT107 START	107	0	0	0	0
OUT107 LP	107	0	6.7898	-1.62128	-0.961042
OUT107 IP 107	0	0.409227	0.209558	0.13644
OUT107 IP 107	1	-0.275354	0.700453	0.705119
OUT107 IP 107	2	-0.219973	-0.0523026	-0.208785
OUT107 IP 107	3	0.150982	-0.483072	0.421936
OUT107 IP 107	4	-0.508019	-0.12416	0.0427155
OUT107 IP 107	5	-0.713775	-0.0534323	-0.236356
OUT107 IP 107	6	-0.102698	-0.255081	0.029144
OUT107 IP 107	7	-0.221923	-0.11245	-0.132041
OUT107 IP 107	8	0.0121187	0.288076	-0.0726599
OUT107 IP 107	9	-0.297715	-0.551632	-0.0479656
OUT107 IP 107	10	-0.484199	-0.145992	-0.110884
OUT107 IP 107	11	2.18119	0.39083	1.67637
OUT107 IP 107	12	1.90743	-0.405457	-0.903623
OUT107 IP 107	13	-0.0651272	0.519342	0.366334
OUT107 IP 107	14	-0.0471445	-0.489963	-0.104906
OUT107 IP 107	15	-3.05178	0.222759	-0.598378
OUT107 IP 107	16	-6.68371	0.271055	-0.495567
OUT107 IP 107	17	-1.11922	0.296522	-0.158108
OUT107 IP 107	18	-0.191939	0.0430939	-0.0367975
OUT107 IP 107	19	-1.44991	0.526007	-0.183074
OUT107 IP 107	20	-0.641191	-0.161767	-0.292346
OUT107 IP 107	21	-2.00204	0.250752	0.0830745
OUT107 IP 107	22	0.820527	1.79885	0.934622
OUT107 IP 107	23	-0.0974625	0.513651	0.107254
OUT107 IP 107	24	-1.24332	-1.01247	-0.466858
OUT107 IP 107	25	-1.01041	-0.44085	-0.266498
OUT107 IP 107	26	-0.0520466	-2.04744	1.79332
OUT107 IP 107	27	0.286831	-0.533617	0.157284
OUT107 IP 107	28	2.66221	-0.385054	-0.469484
OUT107 IP 107	29	6.7898	-1.62128	-0.961042
OUT107 IP 107	30	2.22858	-0.711678	0.0567623
OUT107 IP 107	31	0.329122	-0.557103	-0.519297
OUT107 IP 107	32	-0.0776173	-0.364978	-0.285455
OUT107 IP 107	33	-1.20221	-0.211346	-0.502218
OUT107 IP 107	34	-1.51449	-0.361999	-0.93834
OUT107 IP 107	35	0.496952	-0.129145	-0.0515876
OUT107 IP 107	36	0.148693	-0.0348025	0.0405228
OUT107 JetStat	107	3	3	0	0
OUT107 JET 107	0	-15.8367	1.44474	-1.5757	
OUT107 CON	107	0	4	0	0	
OUT107 CON	107	0	5	0	0	
OUT107 CON	107	0	19	0	0	
OUT107 CON	107	0	17	0	0	
OUT107 CON	107	0	18	0	0	
OUT107 CON	107	0	21	0	0	
OUT107 CON	107	0	15	0	0	
OUT107 CON	107	0	16	0	0	
OUT107 JET 107	1	14.1024	-3.2566	-2.30359	
OUT107 CON	107	1	12	0	0	
OUT107 CON	107	1	30	0	0	
OUT107 CON	107	1	28	0	0	
OUT107 CON	107	1	29	0	0	
OUT107 CON	107	1	35	0	0	
OUT107 JET 107	2	-5.09615	-1.4411	-2.2229	
OUT107 CON	107	2	25	0	0	
OUT107 CON	107	2	10	0	0	
OUT107 CON	107	2	7	0	0	
OUT107 CON	107	2	34	0	0	
OUT107 CON	107	2	20	0	0	
OUT107 CON	107	2	33	0	0	
OUT107 END	107	0	0	0	0
