OUT197 START	197	0	0	0	0
OUT197 LP	197	0	-3.44088	-1.17384	-1.64364
OUT197 IP 197	0	-1.05711	-0.429011	0.457364
OUT197 IP 197	1	-0.270691	-1.7703	1.50894
OUT197 IP 197	2	-0.257924	-0.899586	0.673709
OUT197 IP 197	3	-0.330358	-1.15338	0.638516
OUT197 IP 197	4	-0.486719	-0.784344	-0.185649
OUT197 IP 197	5	-0.0772321	-0.258114	-0.176003
OUT197 IP 197	6	0.9994	2.61781	-1.30736
OUT197 IP 197	7	1.16424	0.0547412	-0.092661
OUT197 IP 197	8	0.120951	0.160092	-0.00437976
OUT197 IP 197	9	0.27702	0.0743503	-0.280727
OUT197 IP 197	10	-1.55347	-0.00379871	-1.57151
OUT197 IP 197	11	-3.44088	-1.17384	-1.64364
OUT197 IP 197	12	-1.37919	0.00708168	-0.81144
OUT197 IP 197	13	-0.561335	-0.0592378	-0.0606849
OUT197 IP 197	14	1.49479	0.752983	-0.840631
OUT197 IP 197	15	0.225552	-0.694242	-0.668164
OUT197 IP 197	16	0.377064	0.615758	0.734817
OUT197 IP 197	17	0.122745	0.834383	0.490548
OUT197 IP 197	18	0.478253	-0.544536	0.679799
OUT197 IP 197	19	0.0750815	-0.152558	0.0136047
OUT197 IP 197	20	-0.790188	-0.927744	0.583218
OUT197 IP 197	21	0.125588	-0.18997	0.0700331
OUT197 IP 197	22	0.152101	-0.826312	0.811898
OUT197 IP 197	23	-0.16117	-0.222974	-0.0788249
OUT197 IP 197	24	0.558544	0.988672	-0.234214
OUT197 IP 197	25	0.417167	0.407121	-0.594357
OUT197 IP 197	26	0.138085	-0.202969	0.232121
OUT197 IP 197	27	-0.156577	0.223219	0.083571
OUT197 IP 197	28	-0.457805	-0.122604	-0.270834
OUT197 IP 197	29	-0.413083	0.0838255	0.315447
OUT197 IP 197	30	0.483657	0.261942	0.429522
OUT197 IP 197	31	-0.117572	-0.113265	0.081852
OUT197 IP 197	32	-0.131285	0.16925	0.172817
OUT197 IP 197	33	-0.0649156	-0.196924	0.146539
OUT197 IP 197	34	0.23075	0.506429	-0.288201
OUT197 IP 197	35	-1.08842	-1.93364	1.48261
OUT197 IP 197	36	0.0606731	-0.46245	0.357826
OUT197 IP 197	37	-0.574818	-1.3871	1.31214
OUT197 IP 197	38	-0.461868	-0.577323	0.591531
OUT197 IP 197	39	-0.310796	-0.992909	0.515774
OUT197 JetStat	197	3	3	0	0
OUT197 JET 197	0	-4.22107	-9.9981	7.40054	
OUT197 CON	197	0	20	0	0	
OUT197 CON	197	0	38	0	0	
OUT197 CON	197	0	1	0	0	
OUT197 CON	197	0	37	0	0	
OUT197 CON	197	0	35	0	0	
OUT197 CON	197	0	3	0	0	
OUT197 CON	197	0	39	0	0	
OUT197 CON	197	0	2	0	0	
OUT197 CON	197	0	33	0	0	
OUT197 JET 197	1	-5.89847	-1.35983	-2.76999	
OUT197 CON	197	1	13	0	0	
OUT197 CON	197	1	12	0	0	
OUT197 CON	197	1	11	0	0	
OUT197 CON	197	1	28	0	0	
OUT197 JET 197	2	1.79249	4.12121	-1.81967	
OUT197 CON	197	2	24	0	0	
OUT197 CON	197	2	6	0	0	
OUT197 CON	197	2	34	0	0	
OUT197 END	197	0	0	0	0
