OUT60 START	60	0	0	0	0
OUT60 LP	60	0	2.38511	-3.14961	2.41557
OUT60 IP 60	0	0.57657	0.714304	-0.376588
OUT60 IP 60	1	-0.440458	0.645172	-0.239623
OUT60 IP 60	2	-0.522498	0.144778	-0.457826
OUT60 IP 60	3	-0.942319	0.856361	0.942818
OUT60 IP 60	4	-0.432815	0.044736	0.204474
OUT60 IP 60	5	-0.594786	0.590543	0.404466
OUT60 IP 60	6	-0.843951	-0.756006	-0.115139
OUT60 IP 60	7	-0.829952	-0.300781	-0.389236
OUT60 IP 60	8	0.205956	0.133825	0.189761
OUT60 IP 60	9	0.0408207	0.632768	0.228455
OUT60 IP 60	10	-0.151674	0.0485322	0.10746
OUT60 IP 60	11	0.202887	0.526736	0.532103
OUT60 IP 60	12	0.249473	0.741959	-0.258548
OUT60 IP 60	13	1.78162	0.660238	-0.0577226
OUT60 IP 60	14	-0.118979	-0.324393	-0.00301891
OUT60 IP 60	15	3.39042	0.176494	-0.467989
OUT60 IP 60	16	0.136368	0.156683	-0.104574
OUT60 IP 60	17	1.92963	-1.01549	1.01229
OUT60 IP 60	18	0.501343	-0.833272	0.386054
OUT60 IP 60	19	2.18391	-1.87179	1.67594
OUT60 IP 60	20	0.973985	-0.445037	0.811564
OUT60 IP 60	21	0.36792	-0.114362	0.206948
OUT60 IP 60	22	2.55946	1.78856	0.174031
OUT60 IP 60	23	0.307669	0.55688	-0.194641
OUT60 IP 60	24	-0.226205	-0.484099	-0.403937
OUT60 IP 60	25	-0.310576	-0.348268	-0.139855
OUT60 IP 60	26	0.407991	0.0997855	-0.230602
OUT60 IP 60	27	0.085808	-0.136469	0.0913226
OUT60 IP 60	28	0.270014	0.705125	0.117289
OUT60 IP 60	29	0.719471	0.424507	0.0566084
OUT60 IP 60	30	2.38511	-3.14961	2.41557
OUT60 IP 60	31	0.501358	-0.101287	0.163949
OUT60 IP 60	32	-0.0902905	0.805565	0.297317
OUT60 IP 60	33	-0.533893	0.242424	0.209736
OUT60 IP 60	34	-0.403135	1.18803	-0.161365
OUT60 IP 60	35	0.525059	0.557098	-0.111569
OUT60 IP 60	36	-0.154548	-0.771333	0.707667
OUT60 IP 60	37	0.00973005	0.215244	-0.0526668
OUT60 IP 60	38	-0.0603219	0.264599	-0.186943
OUT60 IP 60	39	0.171993	-0.171586	0.0551729
OUT60 JetStat	60	3	3	0	0
OUT60 JET 60	0	8.40782	-7.77994	6.42158	
OUT60 CON	60	0	20	0	0	
OUT60 CON	60	0	17	0	0	
OUT60 CON	60	0	39	0	0	
OUT60 CON	60	0	19	0	0	
OUT60 CON	60	0	18	0	0	
OUT60 CON	60	0	27	0	0	
OUT60 CON	60	0	30	0	0	
OUT60 JET 60	1	5.64394	3.46632	0.0616153	
OUT60 CON	60	1	35	0	0	
OUT60 CON	60	1	13	0	0	
OUT60 CON	60	1	22	0	0	
OUT60 CON	60	1	29	0	0	
OUT60 JET 60	2	3.39042	0.176494	-0.467989	
OUT60 CON	60	2	15	0	0	
OUT60 END	60	0	0	0	0
