OUT264 START	264	0	0	0	0
OUT264 LP	264	0	1.53231	-3.36446	-2.43943
OUT264 IP 264	0	-0.829992	-0.417135	-0.6514
OUT264 IP 264	1	-0.302429	1.83141	-1.7332
OUT264 IP 264	2	1.35505	0.598521	-1.3041
OUT264 IP 264	3	0.526988	0.521484	0.472231
OUT264 IP 264	4	-0.742217	0.677562	-0.16751
OUT264 IP 264	5	0.752906	1.78993	0.417803
OUT264 IP 264	6	-0.809779	0.764887	-0.719434
OUT264 IP 264	7	-0.834356	0.313765	0.269589
OUT264 IP 264	8	-0.793063	-1.13052	-1.18517
OUT264 IP 264	9	0.206442	-0.161295	0.0991105
OUT264 IP 264	10	-0.5661	0.0155731	-0.327674
OUT264 IP 264	11	-0.9038	-0.734178	0.00393645
OUT264 IP 264	12	-0.0472847	0.368253	0.19326
OUT264 IP 264	13	-0.513342	-0.132967	0.437711
OUT264 IP 264	14	0.499235	-0.27132	0.483141
OUT264 IP 264	15	0.831082	-0.655176	0.786997
OUT264 IP 264	16	0.398449	-0.134002	-0.149344
OUT264 IP 264	17	0.127071	-0.626802	-0.59233
OUT264 IP 264	18	0.232415	-2.05425	-1.37373
OUT264 IP 264	19	-0.127157	-2.95677	-2.94938
OUT264 IP 264	20	0.526855	-1.52297	-0.903251
OUT264 IP 264	21	0.318417	-0.483601	0.299801
OUT264 IP 264	22	-0.709854	-0.391021	0.0526558
OUT264 IP 264	23	0.531149	-0.477247	-0.49336
OUT264 IP 264	24	0.628528	1.02188	-0.853953
OUT264 IP 264	25	0.279688	0.37473	-0.380443
OUT264 IP 264	26	0.216918	0.376393	0.343654
OUT264 IP 264	27	-0.221557	0.561907	-0.153831
OUT264 IP 264	28	0.253297	-0.418753	-0.310978
OUT264 IP 264	29	-0.177661	0.0984711	-0.142501
OUT264 IP 264	30	-0.269825	0.135156	0.257392
OUT264 IP 264	31	-0.632805	0.158336	0.593408
OUT264 IP 264	32	0.278314	0.0877691	0.297399
OUT264 IP 264	33	0.548612	-2.16769	2.22526
OUT264 IP 264	34	-0.330293	-0.435758	0.190357
OUT264 IP 264	35	0.317836	-0.353721	-0.0773164
OUT264 IP 264	36	0.041904	-1.93732	-0.260895
OUT264 IP 264	37	0.157461	-1.07053	-0.48507
OUT264 IP 264	38	1.53231	-3.36446	-2.43943
OUT264 IP 264	39	0.304368	0.0383677	-0.0440698
OUT264 IP 264	40	-0.632891	0.524258	-0.0956569
OUT264 IP 264	41	-0.878759	-0.739686	-0.734685
OUT264 IP 264	42	-2.07808	-2.0547	-2.44765
OUT264 IP 264	43	-0.461479	0.998299	0.113087
OUT264 IP 264	44	-0.226292	1.0752	0.0277914
OUT264 IP 264	45	-0.245276	0.087977	0.198704
OUT264 IP 264	46	-0.428558	-0.22954	0.252674
OUT264 IP 264	47	0.421901	-0.99251	-7.32385e-05
OUT264 IP 264	48	0.227208	-0.415785	-0.216539
OUT264 IP 264	49	-0.365372	0.122782	-0.348132
OUT264 JetStat	264	2	2	0	0
OUT264 JET 264	0	3.08807	-9.57501	-6.29466	
OUT264 CON	264	0	17	0	0	
OUT264 CON	264	0	37	0	0	
OUT264 CON	264	0	18	0	0	
OUT264 CON	264	0	48	0	0	
OUT264 CON	264	0	20	0	0	
OUT264 CON	264	0	28	0	0	
OUT264 CON	264	0	38	0	0	
OUT264 JET 264	1	-4.63202	-4.3886	-5.00765	
OUT264 CON	264	1	0	0	0	
OUT264 CON	264	1	8	0	0	
OUT264 CON	264	1	41	0	0	
OUT264 CON	264	1	42	0	0	
OUT264 END	264	0	0	0	0
