OUT83 START	83	0	0	0	0
OUT83 LP	83	0	-2.91559	5.14478	-2.17288
OUT83 IP 83	0	-2.91559	5.14478	-2.17288
OUT83 IP 83	1	-1.54014	2.42055	0.0838957
OUT83 IP 83	2	-0.272084	0.635973	0.0538621
OUT83 IP 83	3	-1.19697	-0.404517	0.492819
OUT83 IP 83	4	0.279455	1.43976	-0.193673
OUT83 IP 83	5	1.41186	2.49893	0.3263
OUT83 IP 83	6	-0.93506	0.505341	0.121867
OUT83 IP 83	7	1.08965	-0.500978	-0.709412
OUT83 IP 83	8	1.29966	0.679274	-0.719622
OUT83 IP 83	9	2.37116	0.531218	-2.31598
OUT83 IP 83	10	0.339013	-0.415629	0.0644138
OUT83 IP 83	11	-0.0733485	-0.538339	0.152634
OUT83 IP 83	12	0.636553	-0.156575	-0.585815
OUT83 IP 83	13	0.165406	0.240867	-0.104201
OUT83 IP 83	14	-0.471779	0.628409	-0.172319
OUT83 IP 83	15	-0.187273	0.459289	-0.296907
OUT83 IP 83	16	-0.0937471	0.810499	-0.437448
OUT83 IP 83	17	-0.433916	0.315892	-0.219656
OUT83 IP 83	18	-0.0429335	-0.652963	0.189435
OUT83 IP 83	19	-0.284122	-0.0101342	-0.0650831
OUT83 IP 83	20	-0.376284	-1.33957	0.00306154
OUT83 IP 83	21	-1.00066	0.0496088	-0.246809
OUT83 IP 83	22	1.48566	-1.01759	-1.03828
OUT83 IP 83	23	0.796641	0.264291	-0.817612
OUT83 IP 83	24	0.230098	0.430842	-0.059803
OUT83 IP 83	25	0.0249536	-0.331829	-0.021403
OUT83 IP 83	26	-0.23235	-0.0207652	-0.0450161
OUT83 IP 83	27	-0.751745	-0.722511	-0.137003
OUT83 IP 83	28	1.41404	-0.00694958	-1.19385
OUT83 IP 83	29	0.256579	0.169774	-0.132244
OUT83 IP 83	30	0.214339	-0.126995	-0.16829
OUT83 IP 83	31	0.352957	-0.209822	-0.0364607
OUT83 JetStat	83	4	4	0	0
OUT83 JET 83	0	-5.39577	9.3047	-2.46257	
OUT83 CON	83	0	2	0	0	
OUT83 CON	83	0	1	0	0	
OUT83 CON	83	0	15	0	0	
OUT83 CON	83	0	0	0	0	
OUT83 CON	83	0	14	0	0	
OUT83 JET 83	1	1.94033	4.41794	0.0728356	
OUT83 CON	83	1	4	0	0	
OUT83 CON	83	1	5	0	0	
OUT83 CON	83	1	24	0	0	
OUT83 JET 83	2	4.61561	0.793611	-4.32415	
OUT83 CON	83	2	28	0	0	
OUT83 CON	83	2	9	0	0	
OUT83 CON	83	2	23	0	0	
OUT83 JET 83	3	3.45632	-1.81672	-2.48987	
OUT83 CON	83	3	12	0	0	
OUT83 CON	83	3	7	0	0	
OUT83 CON	83	3	22	0	0	
OUT83 CON	83	3	30	0	0	
OUT83 END	83	0	0	0	0
