OUT155 START	155	0	0	0	0
OUT155 LP	155	0	-4.77141	5.58343	-2.62426
OUT155 IP 155	0	-4.77141	5.58343	-2.62426
OUT155 IP 155	1	-0.466335	1.08833	-0.304224
OUT155 IP 155	2	-1.84546	2.13552	-0.788399
OUT155 IP 155	3	1.10364	-0.356725	0.604794
OUT155 IP 155	4	0.665013	-1.53087	1.00468
OUT155 IP 155	5	-0.484584	0.278799	-0.359983
OUT155 IP 155	6	-0.262871	1.03896	-0.0185671
OUT155 IP 155	7	-0.459161	0.0769173	0.398901
OUT155 IP 155	8	-0.176081	0.111913	-0.0404256
OUT155 IP 155	9	0.233961	-0.280794	-0.123608
OUT155 IP 155	10	0.132402	-0.071315	-0.112241
OUT155 IP 155	11	0.305822	-1.5887	0.661033
OUT155 IP 155	12	-0.226632	-0.014204	0.115747
OUT155 IP 155	13	-0.175813	0.440671	0.313091
OUT155 IP 155	14	-0.0432504	-0.254529	0.193514
OUT155 IP 155	15	-0.28321	-0.214718	0.0111446
OUT155 IP 155	16	0.150347	-0.058086	0.0311206
OUT155 IP 155	17	0.318238	-0.322635	0.122626
OUT155 IP 155	18	0.247086	0.158316	-0.015565
OUT155 IP 155	19	-1.00765	0.949647	1.27688
OUT155 JetStat	155	2	2	0	0
OUT155 JET 155	0	-7.29454	8.96734	-3.75409	
OUT155 CON	155	0	8	0	0	
OUT155 CON	155	0	1	0	0	
OUT155 CON	155	0	0	0	0	
OUT155 CON	155	0	2	0	0	
OUT155 JET 155	1	0.976695	-3.13848	1.65955	
OUT155 CON	155	1	4	0	0	
OUT155 CON	155	1	11	0	0	
OUT155 END	155	0	0	0	0
