OUT209 START	209	0	0	0	0
OUT209 LP	209	0	3.56612	-2.1073	-2.87295
OUT209 IP 209	0	0.348659	0.188409	0.043932
OUT209 IP 209	1	-0.153008	-0.372293	0.0181728
OUT209 IP 209	2	-0.112282	-0.15723	0.140528
OUT209 IP 209	3	-1.8631	-2.38247	-0.648459
OUT209 IP 209	4	0.956192	-1.32012	-1.07031
OUT209 IP 209	5	1.14746	-1.49116	0.31464
OUT209 IP 209	6	0.137759	0.195523	-0.173307
OUT209 IP 209	7	0.212264	0.209991	-0.281924
OUT209 IP 209	8	-0.261365	0.229424	0.331029
OUT209 IP 209	9	1.11863	1.16645	0.445336
OUT209 IP 209	10	2.62792	-1.04125	-1.74638
OUT209 IP 209	11	4.06238	-1.60323	-3.32515
OUT209 IP 209	12	3.56612	-2.1073	-2.87295
OUT209 IP 209	13	-0.221	-0.169462	0.274079
OUT209 IP 209	14	0.172368	0.274738	0.165703
OUT209 IP 209	15	-0.294096	-0.0118141	-0.28189
OUT209 IP 209	16	-0.0840045	0.427166	-0.366135
OUT209 IP 209	17	-0.104205	-0.477461	-0.367623
OUT209 IP 209	18	-0.727463	0.500134	-0.593214
OUT209 IP 209	19	0.151692	-0.012714	-0.10195
OUT209 IP 209	20	-0.32032	0.603185	-0.150033
OUT209 IP 209	21	-0.130069	-1.1203	-0.795731
OUT209 IP 209	22	0.231177	-0.315167	-0.0692417
OUT209 IP 209	23	0.145279	-0.515307	0.518728
OUT209 IP 209	24	0.573225	0.190274	-0.605612
OUT209 IP 209	25	-0.278828	-0.141332	0.204668
OUT209 IP 209	26	0.378922	0.63099	0.537596
OUT209 IP 209	27	0.244792	-0.441749	0.317535
OUT209 IP 209	28	0.226489	0.29582	-0.0135795
OUT209 IP 209	29	-0.0749101	0.229555	-0.209354
OUT209 IP 209	30	-0.200117	0.0681662	-0.0885237
OUT209 IP 209	31	-0.490056	0.339406	-0.368533
OUT209 JetStat	209	2	2	0	0
OUT209 JET 209	0	10.4461	-4.78141	-8.03801	
OUT209 CON	209	0	19	0	0	
OUT209 CON	209	0	12	0	0	
OUT209 CON	209	0	10	0	0	
OUT209 CON	209	0	11	0	0	
OUT209 JET 209	1	-2.02319	-2.766	-0.628902	
OUT209 CON	209	1	1	0	0	
OUT209 CON	209	1	3	0	0	
OUT209 END	209	0	0	0	0
