OUT122 START	122	0	0	0	0
OUT122 LP	122	0	-1.27918	-3.20658	-1.31226
OUT122 IP 122	0	0.379689	0.259448	-0.442793
OUT122 IP 122	1	0.11747	-0.0985663	-0.0808728
OUT122 IP 122	2	0.689959	-0.00820625	-0.361236
OUT122 IP 122	3	-0.241859	0.186517	-0.20698
OUT122 IP 122	4	-0.6814	0.958159	0.88663
OUT122 IP 122	5	-0.256777	-0.20002	0.263022
OUT122 IP 122	6	-0.0150888	1.67766	1.00945
OUT122 IP 122	7	0.570161	-1.05307	0.902104
OUT122 IP 122	8	-0.579121	-2.75989	-0.931551
OUT122 IP 122	9	-0.629884	-0.41854	0.152965
OUT122 IP 122	10	-1.27918	-3.20658	-1.31226
OUT122 IP 122	11	-0.255741	-0.51894	0.211275
OUT122 IP 122	12	0.206041	0.601303	0.0939319
OUT122 IP 122	13	-0.840812	0.0874698	0.702402
OUT122 IP 122	14	0.1428	0.501554	-0.263585
OUT122 IP 122	15	0.320665	-0.153391	-0.267973
OUT122 IP 122	16	-0.104344	0.368704	0.0423243
OUT122 IP 122	17	0.0335091	-0.377259	0.133152
OUT122 IP 122	18	-0.457214	0.370027	-0.498402
OUT122 IP 122	19	-0.0939686	-1.74005	-0.098581
OUT122 IP 122	20	0.104882	-0.153634	0.187813
OUT122 IP 122	21	0.556904	0.366427	-0.300236
OUT122 IP 122	22	-0.493523	-2.2836	-0.178037
OUT122 IP 122	23	0.237412	0.21508	0.126731
OUT122 IP 122	24	0.505119	1.19133	-0.556732
OUT122 IP 122	25	-0.109576	-0.390563	0.172067
OUT122 IP 122	26	-0.202009	0.00793805	-0.0691228
OUT122 JetStat	122	1	1	0	0
OUT122 JET 122	0	-2.46118	-10.0544	-2.49797	
OUT122 CON	122	0	19	0	0	
OUT122 CON	122	0	22	0	0	
OUT122 CON	122	0	8	0	0	
OUT122 CON	122	0	10	0	0	
OUT122 END	122	0	0	0	0
