OUT17 START	17	0	0	0	0
OUT17 LP	17	0	-6.69742	-4.16475	-3.65227
OUT17 IP 17	0	-1.13154	-0.280084	-0.300578
OUT17 IP 17	1	-6.69742	-4.16475	-3.65227
OUT17 IP 17	2	-2.16821	-0.9221	-1.45384
OUT17 IP 17	3	-0.903299	1.4036	-0.889414
OUT17 IP 17	4	-0.403695	-0.404675	-0.580442
OUT17 IP 17	5	0.607402	-0.259647	0.572978
OUT17 IP 17	6	0.34491	0.580567	-0.388229
OUT17 IP 17	7	-0.174047	0.212336	-0.240709
OUT17 IP 17	8	0.609351	-0.234418	-0.636361
OUT17 IP 17	9	0.299422	-0.0184907	0.0354756
OUT17 IP 17	10	0.288336	0.0653837	-0.260445
OUT17 IP 17	11	1.93795	0.504644	-1.31613
OUT17 IP 17	12	-0.785046	-0.466153	-0.543015
OUT17 IP 17	13	-1.90214	-0.785347	-0.654015
OUT17 IP 17	14	-0.292047	0.197876	-0.0625081
OUT17 IP 17	15	-0.898929	-0.0995292	-0.153238
OUT17 IP 17	16	0.405052	-0.0838783	-0.156842
OUT17 IP 17	17	0.388169	0.227208	-0.139022
OUT17 IP 17	18	-0.0393895	-0.178822	-0.0218914
OUT17 IP 17	19	0.222644	0.039742	-0.00647944
OUT17 JetStat	17	1	1	0	0
OUT17 JET 17	0	-12.7496	-6.64967	-6.57326	
OUT17 CON	17	0	0	0	0	
OUT17 CON	17	0	13	0	0	
OUT17 CON	17	0	2	0	0	
OUT17 CON	17	0	1	0	0	
OUT17 CON	17	0	12	0	0	
OUT17 END	17	0	0	0	0
