OUT114 START	114	0	0	0	0
OUT114 LP	114	0	-4.4858	-3.68001	-2.03391
OUT114 IP 114	0	-1.93121	3.51282	-1.84926
OUT114 IP 114	1	-0.351157	0.70725	-0.474328
OUT114 IP 114	2	0.719257	0.0722337	-0.466502
OUT114 IP 114	3	-0.221111	0.00999028	0.192879
OUT114 IP 114	4	0.536004	1.88316	0.298553
OUT114 IP 114	5	-0.0423537	0.20432	0.0834775
OUT114 IP 114	6	0.106615	0.165374	0.0648184
OUT114 IP 114	7	-0.382318	-0.0233524	0.345289
OUT114 IP 114	8	-0.727301	0.127517	-0.677265
OUT114 IP 114	9	1.15663	0.614336	-0.597368
OUT114 IP 114	10	-4.69403	-3.55427	-1.97611
OUT114 IP 114	11	0.26674	0.263799	0.20822
OUT114 IP 114	12	-0.139771	-0.271625	0.185139
OUT114 IP 114	13	-0.187334	0.296861	0.0890692
OUT114 IP 114	14	0.494251	0.642555	-0.404384
OUT114 IP 114	15	1.18922	0.882471	-0.581318
OUT114 IP 114	16	-0.641849	-0.160413	0.210266
OUT114 IP 114	17	-1.03817	-0.561178	0.480116
OUT114 IP 114	18	-0.344299	-0.0689274	-0.233272
OUT114 IP 114	19	-0.675408	-0.365119	0.459619
OUT114 IP 114	20	-0.483514	-0.529525	-0.139434
OUT114 IP 114	21	0.245544	-0.733486	0.521335
OUT114 IP 114	22	0.418194	0.0317242	0.0252513
OUT114 IP 114	23	-0.402893	0.866339	-0.747122
OUT114 IP 114	24	-0.334068	0.273025	-0.00659632
OUT114 IP 114	25	-0.398876	0.114866	0.0920162
OUT114 IP 114	26	-0.243234	0.640587	0.116309
OUT114 IP 114	27	-0.334277	0.604023	0.0434878
OUT114 IP 114	28	1.56674	2.17047	-0.448543
OUT114 IP 114	29	0.605329	0.64545	0.325422
OUT114 IP 114	30	0.820474	0.842219	0.705752
OUT114 IP 114	31	-0.411804	0.322502	-0.493678
OUT114 IP 114	32	1.52904	0.0484311	-0.086165
OUT114 IP 114	33	-4.4858	-3.68001	-2.03391
OUT114 IP 114	34	-0.684522	-1.12919	-0.768308
OUT114 IP 114	35	-0.321048	0.19527	0.316156
OUT114 IP 114	36	0.298953	0.283894	0.201079
OUT114 IP 114	37	-0.170148	0.351898	0.121979
OUT114 IP 114	38	-0.289589	-0.497486	-0.390982
OUT114 IP 114	39	0.0351041	-0.240959	-0.111986
OUT114 IP 114	40	-1.37818	-1.28403	0.172851
OUT114 IP 114	41	0.0514723	-1.48494	0.821275
OUT114 IP 114	42	-0.153055	0.224833	0.0778165
OUT114 IP 114	43	-0.00582703	-0.604889	-0.16748
OUT114 IP 114	44	-0.120109	-0.508668	0.259978
OUT114 IP 114	45	-1.33746	-0.809007	0.877163
OUT114 IP 114	46	-0.924793	-0.182908	-0.252627
OUT114 IP 114	47	-0.248031	0.0705372	-0.0203668
OUT114 IP 114	48	0.0647428	0.192826	0.0815359
OUT114 IP 114	49	0.591867	-0.703252	0.105173
OUT114 IP 114	50	0.259733	0.281342	-0.0590112
OUT114 IP 114	51	-0.170958	-1.7717	-1.10261
OUT114 IP 114	52	-0.170584	-0.0643843	0.17317
OUT114 IP 114	53	0.115058	0.17558	0.132102
OUT114 IP 114	54	0.132491	0.45448	0.330328
OUT114 IP 114	55	0.792047	-0.457978	-0.561505
OUT114 IP 114	56	0.567385	-0.302272	-0.116648
OUT114 IP 114	57	0.823909	-0.562242	-0.13891
OUT114 IP 114	58	-0.409154	1.13492	-1.16732
OUT114 JetStat	114	5	5	0	0
OUT114 JET 114	0	-9.67183	-7.77116	-4.14734	
OUT114 CON	114	0	20	0	0	
OUT114 CON	114	0	10	0	0	
OUT114 CON	114	0	33	0	0	
OUT114 JET 114	1	-3.09942	6.23198	-4.1781	
OUT114 CON	114	1	58	0	0	
OUT114 CON	114	1	23	0	0	
OUT114 CON	114	1	0	0	0	
OUT114 CON	114	1	1	0	0	
OUT114 JET 114	2	4.75061	4.66906	-2.07227	
OUT114 CON	114	2	9	0	0	
OUT114 CON	114	2	15	0	0	
OUT114 CON	114	2	14	0	0	
OUT114 CON	114	2	28	0	0	
OUT114 CON	114	2	50	0	0	
OUT114 JET 114	3	-3.88423	-1.96932	2.18375	
OUT114 CON	114	3	52	0	0	
OUT114 CON	114	3	16	0	0	
OUT114 CON	114	3	17	0	0	
OUT114 CON	114	3	19	0	0	
OUT114 CON	114	3	45	0	0	
OUT114 JET 114	4	2.21803	2.38203	1.62997	
OUT114 CON	114	4	6	0	0	
OUT114 CON	114	4	53	0	0	
OUT114 CON	114	4	29	0	0	
OUT114 CON	114	4	36	0	0	
OUT114 CON	114	4	11	0	0	
OUT114 CON	114	4	30	0	0	
OUT114 END	114	0	0	0	0
