OUT37 START	37	0	0	0	0
OUT37 LP	37	0	-3.2672	-2.04021	3.13073
OUT37 IP 37	0	-2.627	-1.83066	-0.0955804
OUT37 IP 37	1	-0.48165	-0.415586	-0.314004
OUT37 IP 37	2	0.724198	0.302307	-0.385913
OUT37 IP 37	3	-0.90863	0.606347	-0.55973
OUT37 IP 37	4	-0.582032	0.539563	0.0336691
OUT37 IP 37	5	0.789532	-0.578734	-0.850149
OUT37 IP 37	6	0.511145	0.32739	0.386233
OUT37 IP 37	7	-0.976651	-0.694141	0.572923
OUT37 IP 37	8	-0.826588	-0.306993	0.683286
OUT37 IP 37	9	-0.281994	0.338888	0.286763
OUT37 IP 37	10	0.534895	-0.0466543	0.296315
OUT37 IP 37	11	-0.230243	0.228741	0.183015
OUT37 IP 37	12	0.196455	0.604852	0.627243
OUT37 IP 37	13	0.298427	-0.804276	-0.619101
OUT37 IP 37	14	0.202225	0.188697	-0.222835
OUT37 IP 37	15	0.471012	-2.99367	-0.721337
OUT37 IP 37	16	0.799196	-0.635985	-0.439075
OUT37 IP 37	17	-0.0234813	-0.161442	0.102425
OUT37 IP 37	18	-0.160786	-0.150494	0.0254479
OUT37 IP 37	19	-0.404051	-0.886529	-0.771379
OUT37 IP 37	20	0.303549	-2.82598	-1.52548
OUT37 IP 37	21	0.205378	-0.380692	-0.203871
OUT37 IP 37	22	-0.0505675	-0.381945	-0.302418
OUT37 IP 37	23	-0.565631	0.0596194	-0.389724
OUT37 IP 37	24	-0.361579	0.223068	0.117757
OUT37 IP 37	25	-0.361299	0.347458	-0.397298
OUT37 IP 37	26	3.69093	-0.0263883	0.205273
OUT37 IP 37	27	-0.495478	0.998236	-0.211543
OUT37 IP 37	28	-0.960075	-0.587686	-0.149703
OUT37 IP 37	29	0.058534	0.598848	0.497064
OUT37 IP 37	30	0.440333	0.0884134	-0.296797
OUT37 IP 37	31	0.292353	-0.0105433	-0.214324
OUT37 IP 37	32	-0.148089	0.556655	-0.449757
OUT37 IP 37	33	0.77388	-0.877462	-0.98769
OUT37 IP 37	34	0.940504	-1.37066	0.0822507
OUT37 IP 37	35	-0.541749	-2.11991	-0.349434
OUT37 IP 37	36	-0.431053	-1.03967	0.964974
OUT37 IP 37	37	0.0316113	-0.986417	-0.529037
OUT37 IP 37	38	-0.366877	0.113294	-0.0277938
OUT37 IP 37	39	-0.600991	0.378073	0.579928
OUT37 IP 37	40	-0.548395	-0.130569	0.282998
OUT37 IP 37	41	-0.717726	-0.471979	0.55796
OUT37 IP 37	42	-0.316593	-0.28755	-0.120492
OUT37 IP 37	43	-3.2672	-2.04021	3.13073
OUT37 IP 37	44	-0.88202	-0.961481	0.352301
OUT37 IP 37	45	-0.620515	-0.39401	0.610976
OUT37 IP 37	46	-0.819295	0.0795085	-0.594448
OUT37 IP 37	47	-0.937363	-0.17888	0.159621
OUT37 IP 37	48	0.288486	-0.461995	-0.210512
OUT37 IP 37	49	0.309224	-1.47195	-0.428465
OUT37 IP 37	50	0.788711	-0.0434083	-0.389956
OUT37 IP 37	51	0.429061	-0.304466	-0.498525
OUT37 IP 37	52	0.167761	-0.394446	-0.137431
OUT37 IP 37	53	0.0989904	-0.125658	-0.00181161
OUT37 IP 37	54	-0.264828	-0.0757574	-0.00712801
OUT37 IP 37	55	-0.0276413	0.202308	0.01284
OUT37 IP 37	56	-0.113562	0.153638	0.045045
OUT37 JetStat	37	5	5	0	0
OUT37 JET 37	0	2.10138	-10.4176	-4.32882	
OUT37 CON	37	0	48	0	0	
OUT37 CON	37	0	13	0	0	
OUT37 CON	37	0	21	0	0	
OUT37 CON	37	0	20	0	0	
OUT37 CON	37	0	37	0	0	
OUT37 CON	37	0	52	0	0	
OUT37 CON	37	0	15	0	0	
OUT37 CON	37	0	49	0	0	
OUT37 JET 37	1	-6.99798	-4.05835	5.80455	
OUT37 CON	37	1	40	0	0	
OUT37 CON	37	1	7	0	0	
OUT37 CON	37	1	8	0	0	
OUT37 CON	37	1	41	0	0	
OUT37 CON	37	1	43	0	0	
OUT37 CON	37	1	45	0	0	
OUT37 JET 37	2	-4.34829	-2.94366	-0.345769	
OUT37 CON	37	2	54	0	0	
OUT37 CON	37	2	42	0	0	
OUT37 CON	37	2	18	0	0	
OUT37 CON	37	2	0	0	0	
OUT37 CON	37	2	28	0	0	
OUT37 JET 37	3	2.80438	-2.40804	-2.7401	
OUT37 CON	37	3	16	0	0	
OUT37 CON	37	3	33	0	0	
OUT37 CON	37	3	5	0	0	
OUT37 CON	37	3	51	0	0	
OUT37 JET 37	4	3.69093	-0.0263883	0.205273	
OUT37 CON	37	4	26	0	0	
OUT37 END	37	0	0	0	0
