OUT15 START	15	0	0	0	0
OUT15 LP	15	0	-1.97155	3.32026	2.30691
OUT15 IP 15	0	0.102818	0.263552	0.0565027
OUT15 IP 15	1	-0.68582	0.330695	0.57214
OUT15 IP 15	2	-0.92491	1.08957	0.854492
OUT15 IP 15	3	-0.840656	-0.706914	0.402896
OUT15 IP 15	4	-0.543185	0.260459	-0.289053
OUT15 IP 15	5	-0.211381	-0.608557	-0.554866
OUT15 IP 15	6	-1.05377	0.382032	0.898628
OUT15 IP 15	7	-0.418874	0.0983895	-0.422463
OUT15 IP 15	8	-0.141888	-0.597876	0.0279034
OUT15 IP 15	9	-0.163921	0.263764	0.259526
OUT15 IP 15	10	-0.759441	1.54489	0.794806
OUT15 IP 15	11	-0.793437	1.97562	0.142529
OUT15 IP 15	12	-1.84678	2.84824	0.993082
OUT15 IP 15	13	-0.89959	2.97698	2.39539
OUT15 IP 15	14	0.0641636	-0.875214	0.34463
OUT15 IP 15	15	0.176044	0.00479947	0.0749806
OUT15 IP 15	16	1.14857	-1.53069	-0.594284
OUT15 IP 15	17	-0.704523	1.04411	-1.03977
OUT15 IP 15	18	-1.97155	3.32026	2.30691
OUT15 IP 15	19	-0.0605031	0.429214	0.163863
OUT15 IP 15	20	-0.213699	-0.273818	-0.176683
OUT15 IP 15	21	0.39367	0.25372	-0.460589
OUT15 IP 15	22	-0.206917	0.0907445	0.102198
OUT15 IP 15	23	-0.401563	-1.71101	-0.0581007
OUT15 IP 15	24	-0.98234	-0.720472	0.411435
OUT15 IP 15	25	0.12485	0.137914	-0.046259
OUT15 IP 15	26	0.597984	-0.301675	0.269523
OUT15 IP 15	27	0.396501	-0.00913342	0.0794302
OUT15 IP 15	28	-0.423478	0.0930405	0.430366
OUT15 IP 15	29	-0.587712	0.490234	0.310084
OUT15 IP 15	30	-0.91456	2.59339	2.46629
OUT15 IP 15	31	0.196031	0.156731	0.0504725
OUT15 JetStat	15	1	1	0	0
OUT15 JET 15	0	-8.23543	15.7531	10.3837	
OUT15 CON	15	0	19	0	0	
OUT15 CON	15	0	13	0	0	
OUT15 CON	15	0	30	0	0	
OUT15 CON	15	0	29	0	0	
OUT15 CON	15	0	12	0	0	
OUT15 CON	15	0	9	0	0	
OUT15 CON	15	0	2	0	0	
OUT15 CON	15	0	10	0	0	
OUT15 CON	15	0	18	0	0	
OUT15 END	15	0	0	0	0
