OUT96 START	96	0	0	0	0
OUT96 LP	96	0	-3.75141	-2.35526	-1.6328
OUT96 IP 96	0	-3.75141	-2.35526	-1.6328
OUT96 IP 96	1	-1.25207	-1.94312	-1.6515
OUT96 IP 96	2	-1.07879	-0.89979	-0.847051
OUT96 IP 96	3	1.0267	0.607026	-0.506743
OUT96 IP 96	4	-0.364795	-0.644083	-0.104196
OUT96 IP 96	5	-0.037616	1.62651	0.0185665
OUT96 IP 96	6	0.502581	0.458405	-0.0700864
OUT96 IP 96	7	-0.449035	-1.19509	0.449397
OUT96 IP 96	8	0.133633	-0.153778	0.0659056
OUT96 IP 96	9	-0.179998	-0.480229	0.511557
OUT96 IP 96	10	0.0644007	-0.647858	-0.14055
OUT96 IP 96	11	-2.00005	-2.1749	-0.955349
OUT96 IP 96	12	-1.22028	-0.229168	-0.457807
OUT96 IP 96	13	-1.13114	-0.957615	-0.309913
OUT96 IP 96	14	-0.880571	-1.39307	-1.36533
OUT96 IP 96	15	0.446734	0.39668	-0.386128
OUT96 IP 96	16	-0.0390101	0.199627	-0.133422
OUT96 IP 96	17	0.377416	1.01819	-1.07069
OUT96 IP 96	18	0.148209	-1.59707	0.575063
OUT96 IP 96	19	0.557624	-0.456892	0.455639
OUT96 IP 96	20	0.39451	-0.341419	0.139979
OUT96 IP 96	21	-0.0557453	-0.302081	0.0336444
OUT96 IP 96	22	0.373024	-0.156886	0.242844
OUT96 JetStat	96	2	2	0	0
OUT96 JET 96	0	-8.01091	-6.42803	-3.72487	
OUT96 CON	96	0	2	0	0	
OUT96 CON	96	0	11	0	0	
OUT96 CON	96	0	0	0	0	
OUT96 CON	96	0	13	0	0	
OUT96 JET 96	1	-2.13267	-3.33622	-3.01383	
OUT96 CON	96	1	1	0	0	
OUT96 CON	96	1	14	0	0	
OUT96 END	96	0	0	0	0
