OUT196 START	196	0	0	0	0
OUT196 LP	196	0	-3.67664	-2.116	0.459299
OUT196 IP 196	0	-0.578877	-0.760659	0.346832
OUT196 IP 196	1	-2.6096	-2.36375	2.16685
OUT196 IP 196	2	-1.33273	-0.872218	0.87979
OUT196 IP 196	3	-0.131155	0.680691	-0.385106
OUT196 IP 196	4	0.0107433	-0.704607	0.299615
OUT196 IP 196	5	0.310078	-1.17505	-1.05448
OUT196 IP 196	6	-3.67664	-2.116	0.459299
OUT196 IP 196	7	-0.875801	-0.768271	-0.241398
OUT196 IP 196	8	-1.09237	-0.147223	0.129179
OUT196 IP 196	9	2.07491	2.162	-2.11531
OUT196 IP 196	10	-1.62623	-1.54791	-0.3691
OUT196 IP 196	11	-1.36126	-0.612064	0.783733
OUT196 IP 196	12	0.0407415	-0.650617	0.542199
OUT196 IP 196	13	-0.313166	2.09091	0.0708573
OUT196 IP 196	14	0.120107	0.559972	-0.126097
OUT196 IP 196	15	0.136567	1.40821	1.15108
OUT196 IP 196	16	-0.111455	1.31662	1.31912
OUT196 IP 196	17	0.0107393	0.20069	-0.123215
OUT196 IP 196	18	1.46848	-0.0228818	-1.10591
OUT196 IP 196	19	-0.0673827	0.448094	-0.442468
OUT196 IP 196	20	-0.0898282	0.250726	0.225981
OUT196 IP 196	21	-0.124384	0.21588	-0.181156
OUT196 IP 196	22	0.0317427	-0.384764	0.0240848
OUT196 IP 196	23	-0.85205	-0.202427	0.0773898
OUT196 IP 196	24	-1.80344	-0.829958	1.4467
OUT196 IP 196	25	-0.210578	-0.208193	0.0868747
OUT196 IP 196	26	1.19444	0.863935	0.960123
OUT196 IP 196	27	0.0976266	0.756162	0.34194
OUT196 IP 196	28	-0.563054	-0.196528	0.0701212
OUT196 IP 196	29	0.189987	-0.115027	-0.00122567
OUT196 IP 196	30	0.151947	-0.467104	-0.24681
OUT196 IP 196	31	1.38613	-0.956479	1.24934
OUT196 IP 196	32	0.323506	0.664789	-0.644182
OUT196 IP 196	33	-0.151634	-0.0723774	-0.12733
OUT196 IP 196	34	1.02944	-0.127439	0.778453
OUT196 IP 196	35	0.496821	-0.193343	0.0829374
OUT196 IP 196	36	0.376067	-0.706619	-0.305707
OUT196 IP 196	37	0.540981	-0.656153	0.759246
OUT196 IP 196	38	0.820313	-1.0913	-1.31856
OUT196 IP 196	39	0.0250393	-0.184223	-0.118811
OUT196 IP 196	40	-0.162823	-0.910667	-0.931873
OUT196 IP 196	41	-0.638526	-0.0155979	0.174031
OUT196 IP 196	42	-0.804595	-0.19137	0.251028
OUT196 IP 196	43	-0.650402	-0.33459	-0.0269253
OUT196 IP 196	44	0.568932	2.04064	-0.596737
OUT196 IP 196	45	0.360872	1.66514	-0.3132
OUT196 IP 196	46	-0.131068	-0.17252	0.164793
OUT196 IP 196	47	0.0852915	0.314533	0.240352
OUT196 IP 196	48	-0.0733267	0.217429	0.178231
OUT196 JetStat	196	6	6	0	0
OUT196 JET 196	0	-9.77069	-3.86173	1.88848	
OUT196 CON	196	0	41	0	0	
OUT196 CON	196	0	11	0	0	
OUT196 CON	196	0	8	0	0	
OUT196 CON	196	0	42	0	0	
OUT196 CON	196	0	23	0	0	
OUT196 CON	196	0	28	0	0	
OUT196 CON	196	0	6	0	0	
OUT196 CON	196	0	43	0	0	
OUT196 JET 196	1	-6.75229	-5.27366	5.06541	
OUT196 CON	196	1	0	0	0	
OUT196 CON	196	1	25	0	0	
OUT196 CON	196	1	24	0	0	
OUT196 CON	196	1	46	0	0	
OUT196 CON	196	1	1	0	0	
OUT196 CON	196	1	2	0	0	
OUT196 JET 196	2	1.0617	4.47163	-1.15404	
OUT196 CON	196	2	17	0	0	
OUT196 CON	196	2	44	0	0	
OUT196 CON	196	2	14	0	0	
OUT196 CON	196	2	45	0	0	
OUT196 JET 196	3	0.0431227	4.32005	3.42083	
OUT196 CON	196	3	27	0	0	
OUT196 CON	196	3	20	0	0	
OUT196 CON	196	3	48	0	0	
OUT196 CON	196	3	16	0	0	
OUT196 CON	196	3	15	0	0	
OUT196 CON	196	3	47	0	0	
OUT196 JET 196	4	2.41562	2.84988	-2.75564	
OUT196 CON	196	4	9	0	0	
OUT196 CON	196	4	32	0	0	
OUT196 JET 196	5	-2.5025	-2.31661	-0.610374	
OUT196 CON	196	5	7	0	0	
OUT196 CON	196	5	10	0	0	
OUT196 END	196	0	0	0	0
