OUT9 START	9	0	0	0	0
OUT9 LP	9	0	4.56067	-2.84781	0.970319
OUT9 IP 9	0	-0.254935	0.0993444	-0.0174106
OUT9 IP 9	1	0.0292008	-0.877929	-0.515564
OUT9 IP 9	2	-0.709965	-0.463329	-0.572769
OUT9 IP 9	3	-1.12448	-0.185084	0.602303
OUT9 IP 9	4	0.312601	1.02654	-0.378706
OUT9 IP 9	5	0.367161	-0.283259	-0.128895
OUT9 IP 9	6	1.08106	0.696933	-0.169838
OUT9 IP 9	7	3.27783	-0.931331	1.10066
OUT9 IP 9	8	0.429127	-0.367378	-0.128604
OUT9 IP 9	9	4.56067	-2.84781	0.970319
OUT9 IP 9	10	0.590278	-0.19883	0.313889
OUT9 IP 9	11	-0.60847	-0.729177	0.958952
OUT9 IP 9	12	0.112746	0.308792	0.175826
OUT9 IP 9	13	-0.805776	0.505735	-0.40146
OUT9 IP 9	14	-1.71729	0.156555	-1.42604
OUT9 IP 9	15	-1.36482	0.47169	-0.687776
OUT9 IP 9	16	-0.241893	0.215663	-0.255881
OUT9 IP 9	17	-0.17844	0.0851985	-0.0238103
OUT9 IP 9	18	0.300113	-0.661592	-0.238543
OUT9 IP 9	19	-0.0677078	-0.199396	0.113485
OUT9 IP 9	20	-1.04025	-0.968779	1.08547
OUT9 IP 9	21	-0.985811	-0.319813	0.702122
OUT9 IP 9	22	-1.20178	-1.41357	1.38526
OUT9 IP 9	23	-0.423088	0.181136	0.0933064
OUT9 IP 9	24	-0.799095	0.473772	-0.123417
OUT9 IP 9	25	0.466151	1.95508	-1.34854
OUT9 IP 9	26	0.560051	0.675297	-0.787829
OUT9 IP 9	27	-0.331512	0.0822215	-0.298597
OUT9 IP 9	28	0.336225	-0.950675	-0.138861
OUT9 IP 9	29	-0.275189	-0.0402405	-0.0445669
OUT9 IP 9	30	0.0674982	-0.375214	-0.149194
OUT9 IP 9	31	-0.549167	0.341599	0.457451
OUT9 IP 9	32	-0.170617	-0.233831	0.184724
OUT9 IP 9	33	-0.237416	0.758396	0.228842
OUT9 IP 9	34	2.7341	-1.90801	1.91647
OUT9 IP 9	35	0.622533	-0.541548	0.785397
OUT9 IP 9	36	0.422647	0.691956	0.590908
OUT9 IP 9	37	1.17878	0.895004	1.36674
OUT9 IP 9	38	0.23365	-0.406688	0.0851694
OUT9 IP 9	39	-0.257113	-0.285266	0.0346451
OUT9 IP 9	40	-0.346264	0.422992	-0.248473
OUT9 IP 9	41	0.925443	-0.444129	-0.972056
OUT9 IP 9	42	-0.0804933	0.3652	0.0349802
OUT9 IP 9	43	-1.37109	-1.35354	1.70295
OUT9 IP 9	44	-0.937116	-2.66366	2.73731
OUT9 IP 9	45	0.222871	-0.208479	0.261189
OUT9 IP 9	46	-0.300791	-0.480954	-0.133244
OUT9 IP 9	47	-0.136117	-0.275794	-0.106751
OUT9 IP 9	48	0.212472	-0.213893	-0.227558
OUT9 IP 9	49	-0.603664	0.571182	0.0839337
OUT9 IP 9	50	-0.74943	0.780812	0.156898
OUT9 IP 9	51	-1.28628	1.19531	0.326955
OUT9 IP 9	52	-0.220389	0.328707	-0.0819551
OUT9 IP 9	53	-0.369124	-0.704673	-0.319616
OUT9 IP 9	54	-0.169904	-1.28876	-0.353084
OUT9 IP 9	55	0.00540773	-1.42304	-0.641421
OUT9 IP 9	56	-0.147864	0.29131	0.311093
OUT9 IP 9	57	-0.143124	0.207712	-0.0889128
OUT9 IP 9	58	-0.126674	0.787808	0.54311
OUT9 IP 9	59	-0.0264927	-0.147856	0.141278
OUT9 IP 9	60	0.382902	0.517279	0.280627
OUT9 IP 9	61	0.589923	0.458864	0.318482
OUT9 IP 9	62	0.197565	-0.0919128	0.129849
OUT9 IP 9	63	0.196975	-0.0165407	0.0300769
OUT9 JetStat	9	6	6	0	0
OUT9 JET 9	0	11.4702	-6.03108	4.37586	
OUT9 CON	9	0	34	0	0	
OUT9 CON	9	0	62	0	0	
OUT9 CON	9	0	9	0	0	
OUT9 CON	9	0	7	0	0	
OUT9 CON	9	0	10	0	0	
OUT9 JET 9	1	-4.39945	-4.70671	5.3013	
OUT9 CON	9	1	32	0	0	
OUT9 CON	9	1	11	0	0	
OUT9 CON	9	1	22	0	0	
OUT9 CON	9	1	20	0	0	
OUT9 CON	9	1	43	0	0	
OUT9 JET 9	2	-4.3438	3.42204	0.494366	
OUT9 CON	9	2	0	0	0	
OUT9 CON	9	2	17	0	0	
OUT9 CON	9	2	24	0	0	
OUT9 CON	9	2	23	0	0	
OUT9 CON	9	2	49	0	0	
OUT9 CON	9	2	50	0	0	
OUT9 CON	9	2	51	0	0	
OUT9 JET 9	3	-0.0679183	-3.98203	-1.64963	
OUT9 CON	9	3	54	0	0	
OUT9 CON	9	3	30	0	0	
OUT9 CON	9	3	1	0	0	
OUT9 CON	9	3	55	0	0	
OUT9 JET 9	4	-1.03183	-3.01269	2.98272	
OUT9 CON	9	4	19	0	0	
OUT9 CON	9	4	44	0	0	
OUT9 CON	9	4	59	0	0	
OUT9 JET 9	5	0.779095	2.9829	-1.7126	
OUT9 CON	9	5	4	0	0	
OUT9 CON	9	5	25	0	0	
OUT9 END	9	0	0	0	0
