OUT271 START	271	0	0	0	0
OUT271 LP	271	0	4.16251	-2.75326	3.16907
OUT271 IP 271	0	0.883928	-0.016334	-0.305656
OUT271 IP 271	1	0.603787	-0.37102	0.641353
OUT271 IP 271	2	0.0251624	1.61318	-1.56661
OUT271 IP 271	3	-0.64975	1.08754	-0.514034
OUT271 IP 271	4	-0.29294	-0.329006	-0.0817381
OUT271 IP 271	5	-0.154232	0.391365	0.382525
OUT271 IP 271	6	0.136345	-0.241044	0.264072
OUT271 IP 271	7	0.312651	0.376375	-0.277238
OUT271 IP 271	8	-0.320552	-0.0617677	0.190581
OUT271 IP 271	9	0.44046	-0.849534	0.720758
OUT271 IP 271	10	-0.512584	-0.747748	-0.426101
OUT271 IP 271	11	0.136484	-0.823186	0.270324
OUT271 IP 271	12	0.488671	-0.304093	0.275132
OUT271 IP 271	13	0.226596	-0.379999	0.230138
OUT271 IP 271	14	3.57483	-2.34715	2.5844
OUT271 IP 271	15	4.16251	-2.75326	3.16907
OUT271 IP 271	16	0.15051	-0.102698	-0.0346877
OUT271 IP 271	17	-0.165809	0.49947	-0.411915
OUT271 IP 271	18	0.385322	2.47157	-1.30231
OUT271 IP 271	19	0.197658	0.280762	0.27181
OUT271 IP 271	20	-2.05827	0.0348289	1.8034
OUT271 IP 271	21	0.156949	0.373706	-0.105391
OUT271 IP 271	22	-0.225766	-0.290342	0.167831
OUT271 IP 271	23	-0.442621	-0.210368	-0.383105
OUT271 IP 271	24	0.165334	-0.0306237	0.0623228
OUT271 IP 271	25	1.0552	-1.72857	1.40412
OUT271 IP 271	26	0.076895	0.732483	-0.23466
OUT271 IP 271	27	-0.175931	0.540279	0.163318
OUT271 IP 271	28	-0.35137	-0.0769075	0.0896675
OUT271 IP 271	29	-0.597944	0.191886	0.291196
OUT271 IP 271	30	-0.154458	-0.141521	-0.0298492
OUT271 IP 271	31	-0.199557	0.0363326	-0.00203142
OUT271 IP 271	32	-0.193631	0.320895	-0.345389
OUT271 IP 271	33	-0.147803	0.34089	-0.300878
OUT271 IP 271	34	0.18664	0.583278	-0.243822
OUT271 IP 271	35	0.134908	-0.137666	0.120808
OUT271 JetStat	271	3	3	0	0
OUT271 JET 271	0	8.96864	-5.91615	6.77504	
OUT271 CON	271	0	1	0	0	
OUT271 CON	271	0	35	0	0	
OUT271 CON	271	0	12	0	0	
OUT271 CON	271	0	14	0	0	
OUT271 CON	271	0	15	0	0	
OUT271 JET 271	1	0.809749	4.17793	-1.8788	
OUT271 CON	271	1	21	0	0	
OUT271 CON	271	1	26	0	0	
OUT271 CON	271	1	18	0	0	
OUT271 CON	271	1	34	0	0	
OUT271 JET 271	2	1.85941	-3.20056	2.61099	
OUT271 CON	271	2	6	0	0	
OUT271 CON	271	2	13	0	0	
OUT271 CON	271	2	9	0	0	
OUT271 CON	271	2	25	0	0	
OUT271 END	271	0	0	0	0
