OUT246 START	246	0	0	0	0
OUT246 LP	246	0	6.11391	-0.206114	1.87782
OUT246 IP 246	0	0.159701	0.252321	0.203856
OUT246 IP 246	1	-0.0147803	0.460709	-0.260519
OUT246 IP 246	2	-0.673175	0.651456	-0.571729
OUT246 IP 246	3	-0.101487	-0.264691	0.0131321
OUT246 IP 246	4	3.19083	-0.337682	1.35727
OUT246 IP 246	5	-0.519221	-0.200256	-0.140627
OUT246 IP 246	6	-1.32036	2.44626	-0.980175
OUT246 IP 246	7	-0.487015	0.23029	0.278066
OUT246 IP 246	8	0.0920955	-0.786156	0.0125673
OUT246 IP 246	9	-0.0788471	0.306253	0.0208792
OUT246 IP 246	10	-0.199899	0.276412	-0.0955427
OUT246 IP 246	11	0.212062	-0.759711	0.300834
OUT246 IP 246	12	0.430858	0.261938	0.200501
OUT246 IP 246	13	-0.0110948	-0.329492	-0.104428
OUT246 IP 246	14	0.279361	0.104283	0.0158351
OUT246 IP 246	15	-0.00992048	-0.22463	0.0658195
OUT246 IP 246	16	0.468621	-0.0126666	0.478235
OUT246 IP 246	17	-0.214411	0.33889	0.348605
OUT246 IP 246	18	0.212607	-0.161391	0.090156
OUT246 IP 246	19	-0.0963598	0.128845	0.0323166
OUT246 IP 246	20	-0.408827	-0.659702	0.197477
OUT246 IP 246	21	-0.209416	-0.493176	0.193375
OUT246 IP 246	22	-0.845389	-0.373851	-0.294734
OUT246 IP 246	23	0.213743	0.321958	-0.283683
OUT246 IP 246	24	0.316895	-0.0587524	0.0609413
OUT246 IP 246	25	1.02483	1.11565	0.403278
OUT246 IP 246	26	0.23136	0.0879445	-0.00764559
OUT246 IP 246	27	0.597249	-0.113939	0.304981
OUT246 IP 246	28	0.978858	0.124251	0.225118
OUT246 IP 246	29	6.11391	-0.206114	1.87782
OUT246 IP 246	30	0.214016	-0.553176	0.271967
OUT246 IP 246	31	0.600352	0.390168	0.496716
OUT246 JetStat	246	3	3	0	0
OUT246 JET 246	0	11.2274	-0.593303	3.81623	
OUT246 CON	246	0	28	0	0	
OUT246 CON	246	0	24	0	0	
OUT246 CON	246	0	27	0	0	
OUT246 CON	246	0	4	0	0	
OUT246 CON	246	0	29	0	0	
OUT246 JET 246	1	-2.21289	3.40123	-1.63789	
OUT246 CON	246	1	2	0	0	
OUT246 CON	246	1	6	0	0	
OUT246 CON	246	1	10	0	0	
OUT246 JET 246	2	2.24188	2.04392	1.28403	
OUT246 CON	246	2	0	0	0	
OUT246 CON	246	2	31	0	0	
OUT246 CON	246	2	12	0	0	
OUT246 CON	246	2	25	0	0	
OUT246 END	246	0	0	0	0
