OUT258 START	258	0	0	0	0
OUT258 LP	258	0	-3.00548	-8.38252	2.28723
OUT258 IP 258	0	0.758116	-0.510939	-0.904596
OUT258 IP 258	1	-0.230701	0.199461	-0.0298265
OUT258 IP 258	2	-0.16559	0.103021	-0.00972496
OUT258 IP 258	3	0.834293	-0.304491	0.0645461
OUT258 IP 258	4	0.496409	1.11836	0.548111
OUT258 IP 258	5	1.98181	0.747164	-0.63315
OUT258 IP 258	6	1.39257	0.538751	0.907073
OUT258 IP 258	7	2.64344	1.11546	0.223417
OUT258 IP 258	8	0.266247	0.472141	-0.167665
OUT258 IP 258	9	0.67354	-0.157558	-0.492844
OUT258 IP 258	10	0.0426485	0.332936	0.212711
OUT258 IP 258	11	-0.283676	0.208314	-0.106818
OUT258 IP 258	12	-0.685446	0.201867	0.199253
OUT258 IP 258	13	-0.0357196	-0.480617	-0.265092
OUT258 IP 258	14	0.280219	-0.279229	0.0911373
OUT258 IP 258	15	0.261634	0.0840609	0.169141
OUT258 IP 258	16	-0.988223	0.141748	0.498531
OUT258 IP 258	17	-0.332877	0.0675656	0.273431
OUT258 IP 258	18	-1.38662	-1.0496	-0.522456
OUT258 IP 258	19	-0.491384	-0.208573	0.121073
OUT258 IP 258	20	-3.00548	-8.38252	2.28723
OUT258 IP 258	21	0.0726434	0.482688	0.455403
OUT258 IP 258	22	-0.0418258	-0.815106	0.385192
OUT258 IP 258	23	0.130045	0.229048	0.158207
OUT258 IP 258	24	-0.102547	-0.475993	-0.361569
OUT258 IP 258	25	1.02284	0.697167	0.535528
OUT258 IP 258	26	-0.462729	0.462286	-0.127858
OUT258 IP 258	27	0.796886	-1.24959	0.367569
OUT258 IP 258	28	-0.253713	-0.485454	0.0181023
OUT258 IP 258	29	-0.413742	0.405462	-0.352009
OUT258 IP 258	30	-0.221142	0.486646	0.21664
OUT258 IP 258	31	0.0747371	0.286846	-0.210185
OUT258 IP 258	32	-0.0255133	-0.313117	0.0630849
OUT258 IP 258	33	0.494094	0.319725	-0.230439
OUT258 IP 258	34	-0.00512322	0.313704	0.200968
OUT258 IP 258	35	0.30841	1.14158	0.262502
OUT258 IP 258	36	0.100401	0.914957	0.764696
OUT258 IP 258	37	0.482666	-0.212277	0.117508
OUT258 IP 258	38	-0.170233	0.434231	0.19495
OUT258 IP 258	39	0.903831	1.64054	0.631738
OUT258 IP 258	40	0.0363547	0.259228	-0.118968
OUT258 IP 258	41	-0.362734	-0.492288	-0.105424
OUT258 IP 258	42	0.445231	-0.218398	-0.0653669
OUT258 IP 258	43	0.991416	-0.548753	-0.512884
OUT258 IP 258	44	-0.257293	-0.178288	-0.00833307
OUT258 IP 258	45	-0.142675	0.154683	0.101502
OUT258 IP 258	46	-0.647721	0.427633	-0.695335
OUT258 IP 258	47	-0.652103	-0.191589	0.311894
OUT258 IP 258	48	-0.235373	-0.446932	-0.266548
OUT258 IP 258	49	0.296328	-0.311425	0.0558579
OUT258 IP 258	50	-0.280469	0.363589	0.182981
OUT258 IP 258	51	-0.870796	-0.723312	0.610065
OUT258 IP 258	52	-0.0584532	-0.382268	0.0878728
OUT258 IP 258	53	-0.147275	-0.391772	0.19299
OUT258 IP 258	54	-0.499699	-0.922095	-0.134336
OUT258 IP 258	55	-0.126656	-0.100729	-0.0695517
OUT258 IP 258	56	-0.252343	-0.329705	-0.00035527
OUT258 IP 258	57	-0.15034	-0.668072	0.0933784
OUT258 IP 258	58	-0.459732	-0.547814	-0.0642876
OUT258 IP 258	59	-0.438656	0.504717	-0.414159
OUT258 JetStat	258	5	5	0	0
OUT258 JET 258	0	-3.69723	-11.4931	3.11629	
OUT258 CON	258	0	22	0	0	
OUT258 CON	258	0	28	0	0	
OUT258 CON	258	0	32	0	0	
OUT258 CON	258	0	53	0	0	
OUT258 CON	258	0	52	0	0	
OUT258 CON	258	0	20	0	0	
OUT258 CON	258	0	57	0	0	
OUT258 JET 258	1	5.12887	2.18691	-0.627126	
OUT258 CON	258	1	7	0	0	
OUT258 CON	258	1	5	0	0	
OUT258 CON	258	1	33	0	0	
OUT258 JET 258	2	-3.39569	-3.67627	-0.899007	
OUT258 CON	258	2	18	0	0	
OUT258 CON	258	2	55	0	0	
OUT258 CON	258	2	44	0	0	
OUT258 CON	258	2	56	0	0	
OUT258 CON	258	2	58	0	0	
OUT258 CON	258	2	41	0	0	
OUT258 CON	258	2	54	0	0	
OUT258 JET 258	3	1.89399	4.49548	1.80112	
OUT258 CON	258	3	10	0	0	
OUT258 CON	258	3	35	0	0	
OUT258 CON	258	3	23	0	0	
OUT258 CON	258	3	4	0	0	
OUT258 CON	258	3	39	0	0	
OUT258 JET 258	4	2.69578	1.3295	1.60708	
OUT258 CON	258	4	25	0	0	
OUT258 CON	258	4	6	0	0	
OUT258 CON	258	4	15	0	0	
OUT258 END	258	0	0	0	0
