OUT292 START	292	0	0	0	0
OUT292 LP	292	0	-1.11673	-3.67837	-2.69768
OUT292 IP 292	0	-0.452969	0.210394	0.291804
OUT292 IP 292	1	-0.484695	1.37956	0.556278
OUT292 IP 292	2	0.108879	0.155953	-0.192074
OUT292 IP 292	3	0.263908	0.673385	-0.119125
OUT292 IP 292	4	0.241503	-0.377092	-0.252786
OUT292 IP 292	5	0.456953	0.534155	-0.178998
OUT292 IP 292	6	0.27568	0.270894	-0.3943
OUT292 IP 292	7	-0.23138	-0.075346	0.179167
OUT292 IP 292	8	-0.171721	-0.315799	0.159725
OUT292 IP 292	9	0.258777	-0.363722	0.00817593
OUT292 IP 292	10	-0.381416	-1.00625	0.924925
OUT292 IP 292	11	-0.0637169	0.613101	0.0314078
OUT292 IP 292	12	-0.399633	0.199292	-0.20509
OUT292 IP 292	13	-0.520615	0.552594	0.710479
OUT292 IP 292	14	0.568312	0.642998	-0.792447
OUT292 IP 292	15	0.143782	-0.597113	0.0197424
OUT292 IP 292	16	0.232876	-0.211741	0.260699
OUT292 IP 292	17	-1.11673	-3.67837	-2.69768
OUT292 IP 292	18	-0.655261	-1.47888	-1.04778
OUT292 IP 292	19	-0.765807	-2.70271	-1.52213
OUT292 IP 292	20	-0.933659	-2.18094	-1.13909
OUT292 IP 292	21	-0.764061	-2.62832	-1.87497
OUT292 IP 292	22	-0.656234	-1.17085	-0.54114
OUT292 IP 292	23	-0.146059	0.160529	-0.0460618
OUT292 IP 292	24	-0.03043	0.159704	0.154193
OUT292 JetStat	292	1	1	0	0
OUT292 JET 292	0	-4.90724	-13.8806	-8.78823	
OUT292 CON	292	0	22	0	0	
OUT292 CON	292	0	20	0	0	
OUT292 CON	292	0	18	0	0	
OUT292 CON	292	0	19	0	0	
OUT292 CON	292	0	17	0	0	
OUT292 CON	292	0	21	0	0	
OUT292 END	292	0	0	0	0
