OUT86 START	86	0	0	0	0
OUT86 LP	86	0	4.15015	-0.373195	2.04927
OUT86 IP 86	0	1.34158	-0.0971751	0.76049
OUT86 IP 86	1	4.15015	-0.373195	2.04927
OUT86 IP 86	2	1.18751	0.537958	0.611712
OUT86 IP 86	3	0.716205	-1.40516	-1.04326
OUT86 IP 86	4	0.987131	-1.25746	-0.949642
OUT86 IP 86	5	1.95487	1.99443	-1.5812
OUT86 IP 86	6	1.27021	1.26271	-0.860431
OUT86 IP 86	7	-0.226076	0.268821	0.276212
OUT86 IP 86	8	-0.17804	0.259201	0.220236
OUT86 IP 86	9	-1.53751	-0.563577	-0.0775914
OUT86 IP 86	10	-0.306797	-0.898628	0.381492
OUT86 IP 86	11	0.0036514	0.420898	-0.27577
OUT86 IP 86	12	-0.391592	-0.0403496	0.291455
OUT86 IP 86	13	0.166434	-0.253929	0.0437691
OUT86 IP 86	14	0.771293	-1.148	0.973052
OUT86 IP 86	15	0.491055	0.257398	0.300686
OUT86 IP 86	16	2.76229	-0.423212	1.07156
OUT86 IP 86	17	0.661827	-0.119141	0.244756
OUT86 IP 86	18	1.09051	0.251948	0.323718
OUT86 IP 86	19	1.00518	0.774303	0.226705
OUT86 IP 86	20	-0.933656	0.914609	-1.03949
OUT86 IP 86	21	-1.18372	-0.590703	0.273451
OUT86 IP 86	22	0.0814212	0.397336	-0.411095
OUT86 IP 86	23	1.28577	0.594061	-0.490648
OUT86 IP 86	24	-0.521125	0.84116	-0.340879
OUT86 IP 86	25	-1.41946	-0.29775	0.9649
OUT86 IP 86	26	-0.704681	-0.533944	0.775076
OUT86 IP 86	27	-0.103457	-0.296668	-0.0810614
OUT86 IP 86	28	0.602949	0.573774	0.29268
OUT86 IP 86	29	0.0548706	0.413878	-0.256933
OUT86 IP 86	30	-0.0782566	0.322662	0.103467
OUT86 IP 86	31	0.104592	0.126117	0.027694
OUT86 JetStat	86	4	4	0	0
OUT86 JET 86	0	10.0695	-0.760728	4.43697	
OUT86 CON	86	0	18	0	0	
OUT86 CON	86	0	16	0	0	
OUT86 CON	86	0	17	0	0	
OUT86 CON	86	0	0	0	0	
OUT86 CON	86	0	1	0	0	
OUT86 JET 86	1	4.56609	3.89262	-2.92351	
OUT86 CON	86	1	23	0	0	
OUT86 CON	86	1	5	0	0	
OUT86 CON	86	1	6	0	0	
OUT86 JET 86	2	3.42639	2.29344	1.44706	
OUT86 CON	86	2	2	0	0	
OUT86 CON	86	2	15	0	0	
OUT86 CON	86	2	31	0	0	
OUT86 CON	86	2	19	0	0	
OUT86 CON	86	2	28	0	0	
OUT86 JET 86	3	1.71139	-2.67522	-1.99209	
OUT86 CON	86	3	3	0	0	
OUT86 CON	86	3	4	0	0	
OUT86 END	86	0	0	0	0
