OUT0 START	0	0	0	0	0
OUT0 LP	0	0	0.508117	-3.56953	-3.2535
OUT0 IP 0	0	0.23261	0.752425	-0.517409
OUT0 IP 0	1	0.242045	-0.0564983	0.24851
OUT0 IP 0	2	-0.0921935	-0.391919	-0.19669
OUT0 IP 0	3	0.5912	-1.49937	-0.692901
OUT0 IP 0	4	1.39968	-2.58923	-2.55705
OUT0 IP 0	5	0.508117	-3.56953	-3.2535
OUT0 IP 0	6	-0.312814	-0.372741	0.154347
OUT0 IP 0	7	0.204618	-0.0972344	0.0534734
OUT0 IP 0	8	0.417448	0.265906	0.134755
OUT0 IP 0	9	0.579693	-0.38293	0.365683
OUT0 IP 0	10	0.41752	-1.13146	-0.152897
OUT0 IP 0	11	0.562274	-2.55784	-1.78028
OUT0 IP 0	12	-0.351921	0.343078	-0.259908
OUT0 IP 0	13	-0.442827	0.05779	-0.449466
OUT0 IP 0	14	-0.247052	0.0896386	-0.115537
OUT0 IP 0	15	-0.248417	-0.140252	0.233208
OUT0 JetStat	0	1	1	0	0
OUT0 JET 0	0	3.09625	-10.3252	-8.21208	
OUT0 CON	0	0	3	0	0	
OUT0 CON	0	0	4	0	0	
OUT0 CON	0	0	5	0	0	
OUT0 CON	0	0	11	0	0	
OUT0 END	0	0	0	0	0
