OUT8 START	8	0	0	0	0
OUT8 LP	8	0	3.5126	2.42619	-1.39727
OUT8 IP 8	0	-0.627574	4.09902	1.2819
OUT8 IP 8	1	-0.399608	2.01574	0.543613
OUT8 IP 8	2	-0.205721	0.628014	-0.235631
OUT8 IP 8	3	-0.949074	1.60756	0.50948
OUT8 IP 8	4	-0.954663	2.33027	-0.497372
OUT8 IP 8	5	0.851424	0.155478	-0.185386
OUT8 IP 8	6	3.5126	2.42619	-1.39727
OUT8 IP 8	7	0.119391	-0.141183	-0.0528847
OUT8 IP 8	8	1.27735	-1.09949	1.12877
OUT8 IP 8	9	-0.0142546	-0.618609	0.274838
OUT8 IP 8	10	-0.845566	-0.463293	0.566347
OUT8 IP 8	11	-0.0807139	0.375274	-0.0110259
OUT8 IP 8	12	0.540435	0.86623	-0.355278
OUT8 IP 8	13	-0.334973	0.116451	-0.191723
OUT8 IP 8	14	-0.134158	1.0175	0.465095
OUT8 IP 8	15	-0.897327	3.55588	1.11774
OUT8 IP 8	16	-0.484526	0.0140976	-0.258808
OUT8 IP 8	17	-0.34395	-0.205322	-0.391429
OUT8 IP 8	18	0.0747477	0.385285	0.00876853
OUT8 IP 8	19	-0.024591	0.186955	0.0269744
OUT8 IP 8	20	0.164064	-0.374994	-0.0627601
OUT8 IP 8	21	-0.0338009	0.320079	-0.00498923
OUT8 IP 8	22	1.05111	0.540475	-0.213344
OUT8 IP 8	23	1.40148	1.10461	-0.288098
OUT8 IP 8	24	-1.25868	-2.86305	1.40138
OUT8 IP 8	25	-0.0450876	-0.23602	-0.0331875
OUT8 IP 8	26	-0.490272	0.271895	-0.36443
OUT8 IP 8	27	0.287143	0.124639	0.0596931
OUT8 IP 8	28	-0.209367	-0.167234	-0.0384777
OUT8 IP 8	29	0.0558358	-0.265399	-0.123403
OUT8 JetStat	8	4	4	0	0
OUT8 JET 8	0	-3.17925	13.2813	3.91744	
OUT8 CON	8	0	3	0	0	
OUT8 CON	8	0	11	0	0	
OUT8 CON	8	0	21	0	0	
OUT8 CON	8	0	19	0	0	
OUT8 CON	8	0	14	0	0	
OUT8 CON	8	0	15	0	0	
OUT8 CON	8	0	0	0	0	
OUT8 CON	8	0	1	0	0	
OUT8 JET 8	1	5.97635	4.07856	-1.89349	
OUT8 CON	8	1	22	0	0	
OUT8 CON	8	1	6	0	0	
OUT8 CON	8	1	23	0	0	
OUT8 JET 8	2	-1.28314	-3.51968	1.67622	
OUT8 CON	8	2	9	0	0	
OUT8 CON	8	2	24	0	0	
OUT8 JET 8	3	-1.16087	2.95956	-0.731401	
OUT8 CON	8	3	2	0	0	
OUT8 CON	8	3	4	0	0	
OUT8 END	8	0	0	0	0
