OUT265 START	265	0	0	0	0
OUT265 LP	265	0	0.0603471	6.13943	3.08147
OUT265 IP 265	0	-0.616298	0.552828	0.310435
OUT265 IP 265	1	-5.99585	0.251131	2.8961
OUT265 IP 265	2	-0.424648	1.3729	-1.44052
OUT265 IP 265	3	-1.97952	-0.0170442	0.633507
OUT265 IP 265	4	0.0775029	0.359195	0.159759
OUT265 IP 265	5	-1.00264	-0.198048	0.917996
OUT265 IP 265	6	-0.0411634	0.562109	0.233838
OUT265 IP 265	7	-0.467442	0.129743	0.311277
OUT265 IP 265	8	0.0603471	6.13943	3.08147
OUT265 IP 265	9	0.985956	0.71124	0.927409
OUT265 IP 265	10	0.227775	0.0654555	0.162006
OUT265 IP 265	11	-0.586374	-0.618992	-0.740751
OUT265 IP 265	12	-0.395608	-1.67984	-1.69769
OUT265 IP 265	13	0.914579	-1.52755	-1.5001
OUT265 IP 265	14	-0.362923	0.379438	-0.432918
OUT265 IP 265	15	0.793542	0.777124	-0.0614
OUT265 IP 265	16	0.234609	0.0761762	-0.0153143
OUT265 IP 265	17	0.311287	-0.00915123	0.0765257
OUT265 IP 265	18	-0.254324	0.40801	0.346294
OUT265 IP 265	19	0.569857	1.10667	0.652371
OUT265 IP 265	20	0.352421	-0.144879	0.389171
OUT265 IP 265	21	0.261126	0.686965	0.533095
OUT265 IP 265	22	0.389965	1.67644	0.723086
OUT265 JetStat	265	2	2	0	0
OUT265 JET 265	0	1.34596	10.6873	5.37245	
OUT265 CON	265	0	19	0	0	
OUT265 CON	265	0	21	0	0	
OUT265 CON	265	0	4	0	0	
OUT265 CON	265	0	22	0	0	
OUT265 CON	265	0	6	0	0	
OUT265 CON	265	0	8	0	0	
OUT265 JET 265	1	-8.45793	0.365388	3.83026	
OUT265 CON	265	1	7	0	0	
OUT265 CON	265	1	1	0	0	
OUT265 CON	265	1	3	0	0	
OUT265 END	265	0	0	0	0
