OUT275 START	275	0	0	0	0
OUT275 LP	275	0	0.965475	-2.03651	-2.02977
OUT275 IP 275	0	-0.128032	-0.890929	-0.0234852
OUT275 IP 275	1	0.446112	-0.901479	-0.3068
OUT275 IP 275	2	1.14814	-2.0333	-1.06077
OUT275 IP 275	3	-0.265798	-0.205646	0.127676
OUT275 IP 275	4	0.317518	-0.500382	-0.0552867
OUT275 IP 275	5	-0.456822	-0.456091	0.187878
OUT275 IP 275	6	-0.925761	0.412396	-0.797095
OUT275 IP 275	7	0.0960757	-0.258493	0.262633
OUT275 IP 275	8	0.158679	-0.775015	-0.311037
OUT275 IP 275	9	-0.0407434	-0.755365	-0.66199
OUT275 IP 275	10	0.965475	-2.03651	-2.02977
OUT275 IP 275	11	0.225302	-1.56616	-0.717028
OUT275 IP 275	12	-0.432694	0.0305553	-0.192737
OUT275 IP 275	13	0.237818	-0.760448	-0.654202
OUT275 IP 275	14	0.0135346	-0.156327	-0.0909046
OUT275 IP 275	15	0.362812	-0.574464	-0.378024
OUT275 IP 275	16	0.190164	-0.374454	-0.178968
OUT275 JetStat	275	1	1	0	0
OUT275 JET 275	0	4.10629	-9.78724	-5.66416	
OUT275 CON	275	0	10	0	0	
OUT275 CON	275	0	13	0	0	
OUT275 CON	275	0	14	0	0	
OUT275 CON	275	0	8	0	0	
OUT275 CON	275	0	11	0	0	
OUT275 CON	275	0	4	0	0	
OUT275 CON	275	0	1	0	0	
OUT275 CON	275	0	15	0	0	
OUT275 CON	275	0	2	0	0	
OUT275 CON	275	0	16	0	0	
OUT275 END	275	0	0	0	0
