OUT167 START	167	0	0	0	0
OUT167 LP	167	0	-3.80538	3.00558	1.25157
OUT167 IP 167	0	-1.88677	-0.872891	2.07581
OUT167 IP 167	1	0.112797	0.371665	-0.298602
OUT167 IP 167	2	-1.19069	0.804676	0.402151
OUT167 IP 167	3	-2.51524	1.69984	0.936383
OUT167 IP 167	4	-0.285823	0.616321	-0.094187
OUT167 IP 167	5	-0.306251	0.338913	-0.180221
OUT167 IP 167	6	0.326428	1.36418	1.22964
OUT167 IP 167	7	-1.11313	0.724705	0.350602
OUT167 IP 167	8	0.146939	-0.502033	-0.27811
OUT167 IP 167	9	0.506578	0.0194224	0.0750499
OUT167 IP 167	10	-3.80538	3.00558	1.25157
OUT167 IP 167	11	0.210706	2.40327	-1.23698
OUT167 IP 167	12	0.110334	0.372991	0.0225933
OUT167 IP 167	13	0.227589	2.23716	-0.822509
OUT167 IP 167	14	-0.361225	-0.136241	0.0907183
OUT167 IP 167	15	-1.36797	0.658418	-0.507366
OUT167 IP 167	16	-0.728786	0.445643	0.314507
OUT167 IP 167	17	-0.163786	-0.275606	0.060101
OUT167 IP 167	18	-0.362185	0.00954824	-0.141544
OUT167 IP 167	19	0.647129	-0.60054	-0.399828
OUT167 IP 167	20	0.160077	-0.14253	0.134239
OUT167 JetStat	167	2	2	0	0
OUT167 JET 167	0	-9.36182	6.6866	3.25363	
OUT167 CON	167	0	10	0	0	
OUT167 CON	167	0	16	0	0	
OUT167 CON	167	0	7	0	0	
OUT167 CON	167	0	2	0	0	
OUT167 CON	167	0	3	0	0	
OUT167 JET 167	1	0.552293	5.0193	-2.34565	
OUT167 CON	167	1	1	0	0	
OUT167 CON	167	1	11	0	0	
OUT167 CON	167	1	13	0	0	
OUT167 END	167	0	0	0	0
