OUT230 START	230	0	0	0	0
OUT230 LP	230	0	-3.5777	4.77506	-0.504708
OUT230 IP 230	0	-0.260152	0.108204	0.121768
OUT230 IP 230	1	-1.1108	0.765101	-0.865778
OUT230 IP 230	2	-0.440845	0.417787	0.0414976
OUT230 IP 230	3	-0.280409	0.316696	-0.371866
OUT230 IP 230	4	0.0350567	-0.181037	-0.152596
OUT230 IP 230	5	-0.385667	0.583164	0.152344
OUT230 IP 230	6	-1.15229	1.10231	-0.570265
OUT230 IP 230	7	-3.5777	4.77506	-0.504708
OUT230 IP 230	8	-0.20607	0.200997	-0.0663125
OUT230 IP 230	9	-2.2642	3.27954	-0.546062
OUT230 IP 230	10	0.32682	0.241245	-0.357499
OUT230 IP 230	11	-0.228812	0.302667	-0.064292
OUT230 IP 230	12	0.306035	-0.237564	0.318198
OUT230 JetStat	230	1	1	0	0
OUT230 JET 230	0	-8.27867	10.6894	-1.54769	
OUT230 CON	230	0	5	0	0	
OUT230 CON	230	0	6	0	0	
OUT230 CON	230	0	2	0	0	
OUT230 CON	230	0	8	0	0	
OUT230 CON	230	0	11	0	0	
OUT230 CON	230	0	7	0	0	
OUT230 CON	230	0	9	0	0	
OUT230 END	230	0	0	0	0
