OUT285 START	285	0	0	0	0
OUT285 LP	285	0	5.16248	0.281416	-0.836232
OUT285 IP 285	0	0.160463	0.483347	0.138895
OUT285 IP 285	1	0.825373	-0.251294	0.829746
OUT285 IP 285	2	0.775536	-0.639879	0.403614
OUT285 IP 285	3	1.05309	-0.13533	-0.243511
OUT285 IP 285	4	-0.830648	-0.100214	0.396787
OUT285 IP 285	5	0.129125	0.542169	-0.0721154
OUT285 IP 285	6	-0.392258	-0.630575	0.354777
OUT285 IP 285	7	-2.84846	0.498858	-1.25175
OUT285 IP 285	8	-2.52778	1.29319	-0.670724
OUT285 IP 285	9	0.0713574	0.820301	0.237032
OUT285 IP 285	10	2.76139	0.0265316	-0.752868
OUT285 IP 285	11	5.16248	0.281416	-0.836232
OUT285 IP 285	12	2.60242	0.30115	-0.239357
OUT285 IP 285	13	0.26525	-0.15602	0.123065
OUT285 IP 285	14	0.741023	0.619878	-0.641189
OUT285 IP 285	15	-0.0120697	-0.482545	0.360838
OUT285 IP 285	16	-0.131504	-0.27936	-0.187005
OUT285 IP 285	17	-0.495716	-0.328572	-0.106626
OUT285 IP 285	18	-2.08704	0.159737	-1.26918
OUT285 IP 285	19	-1.95636	0.970874	-1.08326
OUT285 IP 285	20	-2.14689	-0.159591	-1.63543
OUT285 IP 285	21	-0.0839153	-0.652623	0.466157
OUT285 IP 285	22	-0.159821	-0.135411	-0.0888188
OUT285 IP 285	23	-0.293763	-0.152044	0.14348
OUT285 IP 285	24	-0.737572	-0.161496	-0.367295
OUT285 IP 285	25	-0.5949	-0.41426	0.413825
OUT285 IP 285	26	-0.190296	-0.180191	0.0690293
OUT285 IP 285	27	-0.135625	0.0662648	0.073866
OUT285 IP 285	28	0.114943	0.138918	0.0997049
OUT285 IP 285	29	0.149633	-0.309246	0.0971437
OUT285 JetStat	285	3	3	0	0
OUT285 JET 285	0	11.6035	0.474074	-2.06769	
OUT285 CON	285	0	3	0	0	
OUT285 CON	285	0	10	0	0	
OUT285 CON	285	0	11	0	0	
OUT285 CON	285	0	12	0	0	
OUT285 JET 285	1	-7.88555	0.338664	-4.4936	
OUT285 CON	285	1	24	0	0	
OUT285 CON	285	1	20	0	0	
OUT285 CON	285	1	7	0	0	
OUT285 CON	285	1	18	0	0	
OUT285 JET 285	2	-4.48423	2.2641	-1.74087	
OUT285 CON	285	2	8	0	0	
OUT285 CON	285	2	19	0	0	
OUT285 END	285	0	0	0	0
