OUT118 START	118	0	0	0	0
OUT118 LP	118	0	-0.48154	-2.02141	-1.89244
OUT118 IP 118	0	-1.96934	0.619058	0.263927
OUT118 IP 118	1	-2.05888	1.46258	0.105817
OUT118 IP 118	2	-1.90836	0.480496	0.0209151
OUT118 IP 118	3	-0.42708	-0.0649321	0.0134622
OUT118 IP 118	4	-1.87321	0.495094	0.655363
OUT118 IP 118	5	-0.376356	0.566431	0.311509
OUT118 IP 118	6	2.46175	-1.14684	1.17635
OUT118 IP 118	7	-0.48154	-2.02141	-1.89244
OUT118 IP 118	8	-0.70947	0.501433	-0.27938
OUT118 IP 118	9	1.50095	-0.242993	0.226102
OUT118 IP 118	10	-0.57978	-0.122009	-0.277585
OUT118 IP 118	11	0.137527	0.525959	0.115906
OUT118 IP 118	12	-0.446619	0.44335	0.626827
OUT118 IP 118	13	-1.14868	1.5316	1.03022
OUT118 IP 118	14	-0.315412	0.875243	-0.567403
OUT118 IP 118	15	0.159889	1.19065	-0.540172
OUT118 IP 118	16	0.406107	0.456342	-0.590247
OUT118 IP 118	17	0.0563694	0.75681	-0.712901
OUT118 IP 118	18	-0.248523	0.179838	-0.22145
OUT118 IP 118	19	-0.0975634	0.309538	0.12322
OUT118 IP 118	20	-0.807159	0.166976	0.0249971
OUT118 IP 118	21	-1.22837	0.883021	0.107123
OUT118 IP 118	22	0.338011	0.0312511	0.081087
OUT118 IP 118	23	0.0882718	0.871867	-0.219448
OUT118 IP 118	24	0.380229	0.344472	0.293199
OUT118 IP 118	25	1.51308	-0.752516	0.844989
OUT118 IP 118	26	0.311321	-0.0952914	0.303628
OUT118 IP 118	27	0.490365	-0.276844	0.511852
OUT118 IP 118	28	0.246613	-0.430751	-0.220707
OUT118 IP 118	29	-0.542727	-0.0306093	-0.17332
OUT118 IP 118	30	0.367244	-0.299146	-0.100466
OUT118 IP 118	31	0.363522	0.0322997	-0.148718
OUT118 IP 118	32	-0.38076	0.149814	0.0900649
OUT118 IP 118	33	-0.414038	1.35324	-0.0485214
OUT118 IP 118	34	0.540303	0.149798	-0.286825
OUT118 IP 118	35	-0.0482728	-0.471263	0.0624911
OUT118 IP 118	36	-0.323121	0.668081	0.066802
OUT118 IP 118	37	-0.949752	1.11098	0.346568
OUT118 IP 118	38	0.175848	0.0772609	0.158425
OUT118 IP 118	39	0.353185	0.322832	-0.0588215
OUT118 IP 118	40	0.660301	-0.237923	-0.543607
OUT118 IP 118	41	0.507473	-1.2032	-0.733162
OUT118 IP 118	42	-0.479294	-0.27661	-0.397692
OUT118 IP 118	43	0.135649	0.185413	-0.0142629
OUT118 JetStat	118	3	3	0	0
OUT118 JET 118	0	-10.3764	4.32461	1.25737	
OUT118 CON	118	0	1	0	0	
OUT118 CON	118	0	21	0	0	
OUT118 CON	118	0	4	0	0	
OUT118 CON	118	0	32	0	0	
OUT118 CON	118	0	0	0	0	
OUT118 CON	118	0	2	0	0	
OUT118 CON	118	0	20	0	0	
OUT118 JET 118	1	4.7813	-2.27362	2.80271	
OUT118 CON	118	1	26	0	0	
OUT118 CON	118	1	27	0	0	
OUT118 CON	118	1	6	0	0	
OUT118 CON	118	1	25	0	0	
OUT118 JET 118	2	-2.91261	4.21427	1.85653	
OUT118 CON	118	2	36	0	0	
OUT118 CON	118	2	19	0	0	
OUT118 CON	118	2	37	0	0	
OUT118 CON	118	2	5	0	0	
OUT118 CON	118	2	13	0	0	
OUT118 END	118	0	0	0	0
