OUT294 START	294	0	0	0	0
OUT294 LP	294	0	5.38088	-2.05954	5.58801
OUT294 IP 294	0	0.223755	-0.559154	-0.410347
OUT294 IP 294	1	-1.13116	-1.13082	-0.690195
OUT294 IP 294	2	0.271162	0.380288	0.240299
OUT294 IP 294	3	0.857803	0.137363	0.7585
OUT294 IP 294	4	0.0851716	0.276357	0.152336
OUT294 IP 294	5	0.345238	-0.663047	-0.483505
OUT294 IP 294	6	0.288435	-1.8689	-1.50167
OUT294 IP 294	7	-0.332009	-0.553271	-0.020487
OUT294 IP 294	8	-0.497163	-2.11986	-1.46808
OUT294 IP 294	9	0.193655	-0.0400216	-0.174646
OUT294 IP 294	10	0.239662	0.369052	-0.146345
OUT294 IP 294	11	0.598828	1.31606	1.42117
OUT294 IP 294	12	0.508403	0.083408	0.15344
OUT294 IP 294	13	1.27807	-0.135044	1.07894
OUT294 IP 294	14	0.162798	-1.10853	-0.269094
OUT294 IP 294	15	-0.765186	1.49232	-1.12811
OUT294 IP 294	16	-0.551157	1.49137	-1.22735
OUT294 IP 294	17	-0.0212078	0.481594	-0.177812
OUT294 IP 294	18	-0.241066	-0.00931744	0.0254696
OUT294 IP 294	19	-0.280464	-0.355497	-0.359898
OUT294 IP 294	20	0.358386	-0.822152	-0.102672
OUT294 IP 294	21	1.79705	0.00804967	1.72792
OUT294 IP 294	22	1.67611	0.170693	0.6601
OUT294 IP 294	23	0.93242	0.152809	0.401488
OUT294 IP 294	24	0.703112	-0.479181	0.455288
OUT294 IP 294	25	5.38088	-2.05954	5.58801
OUT294 IP 294	26	3.62864	-1.50519	2.78335
OUT294 IP 294	27	-0.0624035	-0.187561	-0.0172801
OUT294 IP 294	28	-0.0172258	0.378317	-0.114679
OUT294 IP 294	29	-0.805214	0.768621	-0.472518
OUT294 IP 294	30	-0.348771	1.62564	-0.735485
OUT294 IP 294	31	-0.11343	0.536408	-0.54646
OUT294 IP 294	32	-0.20554	-0.103206	-0.0389297
OUT294 IP 294	33	0.158753	0.70063	0.600281
OUT294 IP 294	34	0.202827	-0.108404	-0.142914
OUT294 JetStat	294	4	4	0	0
OUT294 JET 294	0	12.2175	-3.72321	11.1344	
OUT294 CON	294	0	21	0	0	
OUT294 CON	294	0	13	0	0	
OUT294 CON	294	0	25	0	0	
OUT294 CON	294	0	26	0	0	
OUT294 JET 294	1	-1.83486	6.06731	-3.87728	
OUT294 CON	294	1	28	0	0	
OUT294 CON	294	1	17	0	0	
OUT294 CON	294	1	30	0	0	
OUT294 CON	294	1	31	0	0	
OUT294 CON	294	1	15	0	0	
OUT294 CON	294	1	16	0	0	
OUT294 JET 294	2	0.866991	-3.12271	-2.39216	
OUT294 CON	294	2	5	0	0	
OUT294 CON	294	2	0	0	0	
OUT294 CON	294	2	6	0	0	
OUT294 JET 294	3	3.11838	0.407101	1.21413	
OUT294 CON	294	3	12	0	0	
OUT294 CON	294	3	22	0	0	
OUT294 CON	294	3	23	0	0	
OUT294 END	294	0	0	0	0
