OUT216 START	216	0	0	0	0
OUT216 LP	216	0	-7.35851	2.35911	-2.16005
OUT216 IP 216	0	0.171195	-0.756109	0.251793
OUT216 IP 216	1	0.921459	0.307063	0.826535
OUT216 IP 216	2	0.00389633	-0.220275	-0.0722096
OUT216 IP 216	3	-0.207641	1.0671	-0.610361
OUT216 IP 216	4	-0.928401	-0.935967	-0.355046
OUT216 IP 216	5	-1.99951	-1.41235	1.11424
OUT216 IP 216	6	-0.273902	-0.289712	-0.0254351
OUT216 IP 216	7	-0.147925	-0.624493	0.57038
OUT216 IP 216	8	-7.35851	2.35911	-2.16005
OUT216 IP 216	9	-1.90968	0.442187	-0.115085
OUT216 IP 216	10	-0.173378	-0.144955	0.0232418
OUT216 IP 216	11	-0.184095	0.0389291	0.00807974
OUT216 IP 216	12	0.394047	-0.246234	0.153642
OUT216 IP 216	13	2.72781	-0.326361	1.42848
OUT216 IP 216	14	0.990608	0.51195	0.991382
OUT216 IP 216	15	-0.12024	-0.770665	-0.162412
OUT216 IP 216	16	0.187598	-0.0101313	-0.141864
OUT216 IP 216	17	-0.0973777	-0.253168	0.204098
OUT216 IP 216	18	-0.500457	-0.769936	-0.171551
OUT216 IP 216	19	-2.09938	-0.638757	-0.390102
OUT216 IP 216	20	-2.57431	0.704189	-0.0472306
OUT216 IP 216	21	-0.193974	-0.00416083	0.182899
OUT216 IP 216	22	-0.35236	-0.309815	-0.0653163
OUT216 IP 216	23	-0.247484	-0.264784	0.164392
OUT216 IP 216	24	0.472149	0.131695	-0.154335
OUT216 IP 216	25	-0.668662	-0.758269	0.246738
OUT216 IP 216	26	-0.161859	-0.00118226	0.00263377
OUT216 IP 216	27	-1.06307	-0.2278	0.508425
OUT216 IP 216	28	-0.545696	-0.414207	0.148102
OUT216 IP 216	29	-0.293118	-0.516625	-0.0523633
OUT216 IP 216	30	-0.14052	-0.0783138	-0.00998504
OUT216 IP 216	31	-0.796709	-0.395316	0.885039
OUT216 IP 216	32	-0.28933	-0.160233	0.306944
OUT216 JetStat	216	3	3	0	0
OUT216 JET 216	0	-12.2016	3.54633	-2.29673	
OUT216 CON	216	0	26	0	0	
OUT216 CON	216	0	8	0	0	
OUT216 CON	216	0	11	0	0	
OUT216 CON	216	0	9	0	0	
OUT216 CON	216	0	20	0	0	
OUT216 JET 216	1	-3.65214	-3.00974	1.68651	
OUT216 CON	216	1	10	0	0	
OUT216 CON	216	1	25	0	0	
OUT216 CON	216	1	28	0	0	
OUT216 CON	216	1	5	0	0	
OUT216 CON	216	1	23	0	0	
OUT216 JET 216	2	-2.51353	-2.92861	-0.677691	
OUT216 CON	216	2	30	0	0	
OUT216 CON	216	2	29	0	0	
OUT216 CON	216	2	18	0	0	
OUT216 CON	216	2	6	0	0	
OUT216 CON	216	2	4	0	0	
OUT216 CON	216	2	22	0	0	
OUT216 END	216	0	0	0	0
