OUT52 START	52	0	0	0	0
OUT52 LP	52	0	3.83336	-3.75374	4.22225
OUT52 IP 52	0	0.0965879	0.264554	0.0675661
OUT52 IP 52	1	0.545813	-0.270121	-0.354268
OUT52 IP 52	2	-0.170478	0.188606	0.0462096
OUT52 IP 52	3	-0.928578	0.984042	0.421236
OUT52 IP 52	4	-3.28106	2.29794	3.19997
OUT52 IP 52	5	-0.830604	0.728978	0.812354
OUT52 IP 52	6	0.273382	-0.348496	-0.272033
OUT52 IP 52	7	0.524733	-0.573492	0.434758
OUT52 IP 52	8	1.45475	-1.64412	1.15176
OUT52 IP 52	9	-0.489585	0.239488	-0.479812
OUT52 IP 52	10	0.406182	-0.444473	0.191149
OUT52 IP 52	11	-0.481858	0.213048	-0.0828148
OUT52 IP 52	12	-1.77909	-0.635485	0.276719
OUT52 IP 52	13	-4.99619	-0.0309819	1.18714
OUT52 IP 52	14	-1.21323	0.22435	0.0699368
OUT52 IP 52	15	-2.42292	0.483076	0.965748
OUT52 IP 52	16	-1.22535	0.670143	0.473574
OUT52 IP 52	17	-0.163487	0.111967	-0.00817241
OUT52 IP 52	18	-0.0555718	-0.279148	0.239718
OUT52 IP 52	19	0.27577	0.50569	-0.448884
OUT52 IP 52	20	0.0437049	-0.410784	-0.404029
OUT52 IP 52	21	0.79663	-0.575578	0.351384
OUT52 IP 52	22	1.23953	-0.951693	0.971001
OUT52 IP 52	23	3.83336	-3.75374	4.22225
OUT52 IP 52	24	0.190689	-0.357857	0.242814
OUT52 IP 52	25	-0.956595	-0.188457	-0.151593
OUT52 JetStat	52	4	4	0	0
OUT52 JET 52	0	8.47993	-8.33584	7.50048	
OUT52 CON	52	0	21	0	0	
OUT52 CON	52	0	10	0	0	
OUT52 CON	52	0	24	0	0	
OUT52 CON	52	0	7	0	0	
OUT52 CON	52	0	8	0	0	
OUT52 CON	52	0	22	0	0	
OUT52 CON	52	0	23	0	0	
OUT52 JET 52	1	-8.67408	0.680137	2.21201	
OUT52 CON	52	1	14	0	0	
OUT52 CON	52	1	13	0	0	
OUT52 CON	52	1	15	0	0	
OUT52 JET 52	2	-4.11577	3.03008	4.01146	
OUT52 CON	52	2	4	0	0	
OUT52 CON	52	2	5	0	0	
OUT52 JET 52	3	-2.51788	1.97817	0.930042	
OUT52 CON	52	3	17	0	0	
OUT52 CON	52	3	16	0	0	
OUT52 CON	52	3	2	0	0	
OUT52 CON	52	3	3	0	0	
OUT52 END	52	0	0	0	0
