OUT45 START	45	0	0	0	0
OUT45 LP	45	0	3.91224	-0.524124	-2.24367
OUT45 IP 45	0	-0.524049	-0.440033	0.40686
OUT45 IP 45	1	1.80856	-0.972996	-0.384918
OUT45 IP 45	2	3.91224	-0.524124	-2.24367
OUT45 IP 45	3	0.174713	-0.0845111	0.0935976
OUT45 IP 45	4	0.249506	0.193625	-0.0822191
OUT45 IP 45	5	0.208811	0.08222	0.0136927
OUT45 IP 45	6	-0.690035	0.551866	0.314842
OUT45 IP 45	7	-0.21261	0.198967	0.2405
OUT45 IP 45	8	-0.299121	-0.308259	0.0960361
OUT45 IP 45	9	-0.95148	-0.124141	-0.316942
OUT45 IP 45	10	-1.46465	-0.159109	-0.379299
OUT45 IP 45	11	0.211975	-0.486169	0.00873119
OUT45 IP 45	12	0.557336	-0.499556	0.0296528
OUT45 IP 45	13	-0.262386	0.235379	-0.0209334
OUT45 IP 45	14	0.653504	-0.0740759	-0.399024
OUT45 IP 45	15	0.86013	-0.220926	-0.15019
OUT45 IP 45	16	0.311459	0.357874	-0.155378
OUT45 IP 45	17	0.469318	0.304534	0.197869
OUT45 IP 45	18	0.68035	0.292182	0.505935
OUT45 IP 45	19	-0.224432	0.03643	0.180062
OUT45 IP 45	20	-0.268381	0.275186	0.138501
OUT45 IP 45	21	-0.826918	-0.204487	-0.210612
OUT45 IP 45	22	-0.19087	0.142132	0.0080572
OUT45 IP 45	23	1.28417	-0.464444	-0.480871
OUT45 IP 45	24	1.20487	-0.5678	0.104017
OUT45 IP 45	25	0.108206	-0.644043	0.61647
OUT45 IP 45	26	0.00233604	-0.150936	-0.0206123
OUT45 IP 45	27	-0.328273	0.0860465	0.270885
OUT45 IP 45	28	0.995982	-0.484525	-0.738566
OUT45 IP 45	29	0.201363	0.517722	0.181602
OUT45 IP 45	30	0.387113	-0.269077	0.150191
OUT45 IP 45	31	-0.185379	-0.0602045	-0.159517
OUT45 JetStat	45	2	2	0	0
OUT45 JET 45	0	9.62772	-2.77544	-4.33683	
OUT45 CON	45	0	1	0	0	
OUT45 CON	45	0	15	0	0	
OUT45 CON	45	0	28	0	0	
OUT45 CON	45	0	23	0	0	
OUT45 CON	45	0	2	0	0	
OUT45 CON	45	0	14	0	0	
OUT45 JET 45	1	-3.24809	-0.488593	-0.906321	
OUT45 CON	45	1	21	0	0	
OUT45 CON	45	1	9	0	0	
OUT45 CON	45	1	10	0	0	
OUT45 END	45	0	0	0	0
