OUT298 START	298	0	0	0	0
OUT298 LP	298	0	1.8078	-3.83514	-3.956
OUT298 IP 298	0	-0.36398	-0.0522789	0.0525788
OUT298 IP 298	1	-0.777004	-0.231573	-0.451689
OUT298 IP 298	2	-0.18908	-0.331311	-0.0135638
OUT298 IP 298	3	-0.600585	-0.219796	0.078672
OUT298 IP 298	4	1.8078	-3.83514	-3.956
OUT298 IP 298	5	0.693035	-0.171962	-0.379285
OUT298 IP 298	6	-0.021851	0.314559	-0.30098
OUT298 IP 298	7	1.27365	0.767684	0.131632
OUT298 IP 298	8	0.0212361	-0.223428	0.0238629
OUT298 IP 298	9	-0.258123	1.08814	-1.05606
OUT298 IP 298	10	0.564367	-0.244377	0.13659
OUT298 IP 298	11	0.429835	0.247312	0.176088
OUT298 IP 298	12	0.471702	0.949943	-0.620872
OUT298 IP 298	13	-0.106835	0.168316	0.0709732
OUT298 IP 298	14	-0.471102	0.479964	-0.149509
OUT298 IP 298	15	-0.27525	0.865502	-0.0198122
OUT298 IP 298	16	-0.511591	2.16799	0.993917
OUT298 IP 298	17	-0.140975	0.533273	0.317029
OUT298 IP 298	18	-0.423871	-0.303883	-0.453352
OUT298 IP 298	19	-0.0281686	0.314107	0.127322
OUT298 IP 298	20	-0.10816	-0.537731	0.560394
OUT298 IP 298	21	-0.0322878	-0.401705	0.25896
OUT298 IP 298	22	-1.14975	-1.82228	-0.00847103
OUT298 IP 298	23	-0.469957	-0.826926	0.420072
OUT298 IP 298	24	0.661151	-0.325345	0.035061
OUT298 IP 298	25	0.736775	1.06526	-1.27504
OUT298 IP 298	26	0.0160085	-1.12679	-0.926638
OUT298 IP 298	27	0.407421	-1.29466	-0.716316
OUT298 IP 298	28	-0.0119053	-0.908809	-0.693412
OUT298 IP 298	29	-0.462181	0.991924	-0.854136
OUT298 IP 298	30	-0.877272	1.24111	-0.499493
OUT298 IP 298	31	-0.245258	3.66204	-2.3376
OUT298 IP 298	32	0.205955	0.704911	-0.333245
OUT298 IP 298	33	-0.334455	0.157075	-0.0379542
OUT298 IP 298	34	-0.089424	-0.13619	-0.00411311
OUT298 IP 298	35	0.432452	0.642176	-0.429242
OUT298 IP 298	36	0.300986	0.123146	-0.238467
OUT298 IP 298	37	-0.351874	1.95018	-1.40325
OUT298 IP 298	38	-0.342963	2.69222	-2.17126
OUT298 JetStat	298	4	4	0	0
OUT298 JET 298	0	-1.69565	10.7611	-8.09629	
OUT298 CON	298	0	29	0	0	
OUT298 CON	298	0	9	0	0	
OUT298 CON	298	0	6	0	0	
OUT298 CON	298	0	31	0	0	
OUT298 CON	298	0	37	0	0	
OUT298 CON	298	0	38	0	0	
OUT298 JET 298	1	2.21876	-5.13857	-4.6306	
OUT298 CON	298	1	4	0	0	
OUT298 CON	298	1	27	0	0	
OUT298 JET 298	2	1.85967	3.38754	-2.61722	
OUT298 CON	298	2	25	0	0	
OUT298 CON	298	2	32	0	0	
OUT298 CON	298	2	12	0	0	
OUT298 CON	298	2	35	0	0	
OUT298 JET 298	3	-0.791878	3.19725	1.50716	
OUT298 CON	298	3	13	0	0	
OUT298 CON	298	3	19	0	0	
OUT298 CON	298	3	16	0	0	
OUT298 CON	298	3	17	0	0	
OUT298 END	298	0	0	0	0
