OUT55 START	55	0	0	0	0
OUT55 LP	55	0	-0.367837	-3.97382	-0.475314
OUT55 IP 55	0	0.963726	-0.472346	0.668472
OUT55 IP 55	1	1.20265	0.498237	-0.338673
OUT55 IP 55	2	1.44381	-0.0182654	0.41979
OUT55 IP 55	3	0.867232	0.353933	-0.0846838
OUT55 IP 55	4	-0.0824867	0.421307	-0.0597694
OUT55 IP 55	5	-0.366241	0.517589	0.242248
OUT55 IP 55	6	-0.807335	2.20162	1.90277
OUT55 IP 55	7	0.494329	0.157879	-0.377669
OUT55 IP 55	8	0.0355619	-0.701244	-0.523315
OUT55 IP 55	9	0.105965	-0.883389	-0.388586
OUT55 IP 55	10	-0.627513	-0.0598832	-8.61479e-05
OUT55 IP 55	11	-0.232547	-0.182846	-0.147253
OUT55 IP 55	12	-1.00234	-1.48661	-0.962276
OUT55 IP 55	13	-0.529123	-0.712923	-0.875457
OUT55 IP 55	14	0.358476	-0.397179	0.271813
OUT55 IP 55	15	-0.367837	-3.97382	-0.475314
OUT55 IP 55	16	0.242999	-0.436542	0.146779
OUT55 IP 55	17	-1.25605	-1.51325	0.354958
OUT55 IP 55	18	0.719789	-0.121489	0.294496
OUT55 IP 55	19	0.323573	0.546104	-0.349571
OUT55 IP 55	20	2.54548	-0.0213151	0.0650268
OUT55 IP 55	21	1.34364	0.296593	-0.248311
OUT55 IP 55	22	0.580537	-0.198404	0.154955
OUT55 IP 55	23	-0.523642	-0.113196	0.344628
OUT55 IP 55	24	0.152058	-0.120862	0.0487727
OUT55 IP 55	25	-1.5068	0.413893	1.04675
OUT55 IP 55	26	-0.837788	-0.0553726	0.0837257
OUT55 IP 55	27	-0.203073	0.327427	0.287449
OUT55 IP 55	28	0.348353	0.733564	0.683773
OUT55 IP 55	29	-0.821803	0.858377	-0.864031
OUT55 IP 55	30	-0.0120787	0.549454	-0.250957
OUT55 IP 55	31	-0.107503	-0.271352	-0.0753348
OUT55 IP 55	32	0.128338	-0.482382	-0.0815622
OUT55 IP 55	33	0.292464	-0.895783	0.654567
OUT55 IP 55	34	-0.325043	-0.0521872	0.138106
OUT55 IP 55	35	-0.147225	0.0292355	0.148259
OUT55 IP 55	36	-0.279834	0.466762	-0.213389
OUT55 IP 55	37	-0.168194	-0.414269	-0.268047
OUT55 IP 55	38	-0.258278	-2.65522	0.0191038
OUT55 IP 55	39	0.37407	-0.850471	-0.0308002
OUT55 IP 55	40	0.157108	-2.03643	0.661297
OUT55 IP 55	41	0.0733613	-0.727989	0.74661
OUT55 IP 55	42	-0.596577	0.0462018	0.576058
OUT55 IP 55	43	-0.406647	0.208801	-0.410335
OUT55 IP 55	44	-0.0247181	-0.477909	-0.0234106
OUT55 IP 55	45	0.12057	-1.01436	0.219036
OUT55 JetStat	55	4	4	0	0
OUT55 JET 55	0	-0.353894	-10.9864	0.233445	
OUT55 CON	55	0	40	0	0	
OUT55 CON	55	0	32	0	0	
OUT55 CON	55	0	45	0	0	
OUT55 CON	55	0	31	0	0	
OUT55 CON	55	0	38	0	0	
OUT55 CON	55	0	15	0	0	
OUT55 CON	55	0	44	0	0	
OUT55 JET 55	1	5.32057	-0.363393	0.924067	
OUT55 CON	55	1	22	0	0	
OUT55 CON	55	1	18	0	0	
OUT55 CON	55	1	2	0	0	
OUT55 CON	55	1	20	0	0	
OUT55 JET 55	2	3.42571	1.15268	-0.6703	
OUT55 CON	55	2	21	0	0	
OUT55 CON	55	2	1	0	0	
OUT55 CON	55	2	3	0	0	
OUT55 JET 55	3	-1.94659	-2.81649	-2.22325	
OUT55 CON	55	3	13	0	0	
OUT55 CON	55	3	11	0	0	
OUT55 CON	55	3	12	0	0	
OUT55 CON	55	3	37	0	0	
OUT55 END	55	0	0	0	0
