OUT239 START	239	0	0	0	0
OUT239 LP	239	0	-0.9904	2.65749	0.309407
OUT239 IP 239	0	-0.278154	-0.371904	0.188498
OUT239 IP 239	1	0.593256	0.0345304	0.383277
OUT239 IP 239	2	-0.458221	1.5324	0.281872
OUT239 IP 239	3	-0.638121	1.29698	0.937578
OUT239 IP 239	4	-0.34712	1.47359	0.384925
OUT239 IP 239	5	-1.32462	2.5363	0.0734435
OUT239 IP 239	6	-0.701614	0.806701	0.564715
OUT239 IP 239	7	0.0528982	-0.200185	0.110054
OUT239 IP 239	8	0.736134	-1.97895	-1.33314
OUT239 IP 239	9	-0.135115	-0.263848	-0.130291
OUT239 IP 239	10	0.289444	-0.364535	-0.228286
OUT239 IP 239	11	-0.277101	0.193001	-0.251041
OUT239 IP 239	12	0.298827	-0.359549	-0.455968
OUT239 IP 239	13	-0.612703	-1.63368	0.763683
OUT239 IP 239	14	0.500055	-0.680224	-0.469071
OUT239 IP 239	15	0.109441	-1.38006	1.19576
OUT239 IP 239	16	0.259121	0.678502	-0.0980756
OUT239 IP 239	17	-0.235985	0.250251	0.155053
OUT239 IP 239	18	0.0916667	1.53936	0.412622
OUT239 IP 239	19	-0.9904	2.65749	0.309407
OUT239 IP 239	20	-0.57122	1.00434	0.358855
OUT239 IP 239	21	1.89871	-0.145068	0.00914866
OUT239 IP 239	22	0.312766	0.198157	-0.164873
OUT239 IP 239	23	0.0461683	-0.401393	-0.340611
OUT239 IP 239	24	0.787235	-1.35661	-1.53788
OUT239 IP 239	25	1.69012	-0.142902	0.936368
OUT239 IP 239	26	-0.375354	-0.485801	0.445954
OUT239 IP 239	27	-0.0495123	0.181861	-0.0186203
OUT239 IP 239	28	-0.305581	-0.335661	0.074871
OUT239 IP 239	29	0.0944967	-0.431526	0.339226
OUT239 IP 239	30	-0.42995	-0.117637	0.118715
OUT239 JetStat	239	2	2	0	0
OUT239 JET 239	0	-3.75979	9.433	1.38253	
OUT239 CON	239	0	20	0	0	
OUT239 CON	239	0	27	0	0	
OUT239 CON	239	0	5	0	0	
OUT239 CON	239	0	4	0	0	
OUT239 CON	239	0	2	0	0	
OUT239 CON	239	0	19	0	0	
OUT239 JET 239	1	2.68996	-5.20746	-4.31685	
OUT239 CON	239	1	10	0	0	
OUT239 CON	239	1	14	0	0	
OUT239 CON	239	1	12	0	0	
OUT239 CON	239	1	24	0	0	
OUT239 CON	239	1	8	0	0	
OUT239 CON	239	1	23	0	0	
OUT239 END	239	0	0	0	0
