OUT12 START	12	0	0	0	0
OUT12 LP	12	0	5.47803	-3.80068	5.39646
OUT12 IP 12	0	0.140386	0.367798	0.330033
OUT12 IP 12	1	0.288206	-0.503028	0.282193
OUT12 IP 12	2	-0.54809	0.88971	0.176328
OUT12 IP 12	3	0.167666	-0.0957363	0.0326384
OUT12 IP 12	4	0.596718	0.243511	-0.15046
OUT12 IP 12	5	0.203532	0.274147	-0.200771
OUT12 IP 12	6	-0.589862	0.372595	-0.570659
OUT12 IP 12	7	0.454261	0.738653	-0.632854
OUT12 IP 12	8	0.664501	0.518803	-0.741973
OUT12 IP 12	9	-0.102213	-1.17955	-0.0794402
OUT12 IP 12	10	-0.0253081	-1.64697	0.678414
OUT12 IP 12	11	-0.0285144	0.289752	0.226004
OUT12 IP 12	12	-1.55183	0.899757	1.2142
OUT12 IP 12	13	-0.415898	1.60012	1.09863
OUT12 IP 12	14	-0.170644	0.587572	0.491881
OUT12 IP 12	15	-0.363375	-0.543298	-0.606887
OUT12 IP 12	16	0.295102	-0.402173	-0.162427
OUT12 IP 12	17	5.47803	-3.80068	5.39646
OUT12 IP 12	18	0.00305846	-0.582982	-0.350322
OUT12 IP 12	19	0.288791	-0.159066	0.264199
OUT12 IP 12	20	0.713107	-0.314448	-0.775327
OUT12 IP 12	21	0.458076	-0.475206	0.0407522
OUT12 IP 12	22	0.408924	-1.38655	0.567198
OUT12 IP 12	23	-0.638657	-0.887493	0.430536
OUT12 IP 12	24	-0.086698	0.155535	0.165788
OUT12 IP 12	25	-0.0791117	0.25046	0.16997
OUT12 IP 12	26	0.921642	-0.3917	0.658525
OUT12 IP 12	27	1.83546	-0.799511	1.92599
OUT12 IP 12	28	-0.194304	0.364818	0.0394302
OUT12 IP 12	29	-0.233933	0.363201	-0.0867475
OUT12 IP 12	30	0.770161	0.303997	-0.23819
OUT12 IP 12	31	-0.499024	0.0402527	-0.339293
OUT12 IP 12	32	-0.533859	0.449653	0.353587
OUT12 IP 12	33	-0.350788	0.989334	0.235945
OUT12 IP 12	34	0.478212	0.137355	0.0553665
OUT12 JetStat	12	2	2	0	0
OUT12 JET 12	0	8.55964	-5.17139	8.22868	
OUT12 CON	12	0	26	0	0	
OUT12 CON	12	0	27	0	0	
OUT12 CON	12	0	17	0	0	
OUT12 CON	12	0	19	0	0	
OUT12 JET 12	1	0.686837	-3.6077	1.52713	
OUT12 CON	12	1	10	0	0	
OUT12 CON	12	1	1	0	0	
OUT12 CON	12	1	22	0	0	
OUT12 END	12	0	0	0	0
