OUT151 START	151	0	0	0	0
OUT151 LP	151	0	-1.86445	3.53632	3.38495
OUT151 IP 151	0	-0.709264	-0.754624	-0.402741
OUT151 IP 151	1	-0.988018	-1.72273	0.861838
OUT151 IP 151	2	-1.89137	-2.96788	0.251753
OUT151 IP 151	3	0.125131	-0.594796	0.428645
OUT151 IP 151	4	-0.632179	1.18509	0.837232
OUT151 IP 151	5	0.231895	0.178677	-0.217333
OUT151 IP 151	6	0.751999	-0.0762763	0.648106
OUT151 IP 151	7	0.0734809	-0.53146	-0.0563412
OUT151 IP 151	8	-0.104458	0.164996	-0.102579
OUT151 IP 151	9	-0.226269	-0.254458	-0.321213
OUT151 IP 151	10	-0.412233	0.56708	-0.0973442
OUT151 IP 151	11	2.18358	-1.57064	-2.35518
OUT151 IP 151	12	1.5699	-2.16684	-1.85338
OUT151 IP 151	13	-0.65471	-2.99112	1.45632
OUT151 IP 151	14	-0.392868	-0.131665	0.400892
OUT151 IP 151	15	0.0978275	0.244939	0.198761
OUT151 IP 151	16	-0.051579	-0.159838	-0.143026
OUT151 IP 151	17	-0.176915	-0.0980788	-0.0218673
OUT151 IP 151	18	-0.181537	-0.284148	-0.0491047
OUT151 IP 151	19	-0.216637	-0.293845	-0.0502396
OUT151 IP 151	20	-1.2616	2.70169	2.62158
OUT151 IP 151	21	-1.86445	3.53632	3.38495
OUT151 IP 151	22	-0.861193	2.2472	1.85389
OUT151 JetStat	151	4	4	0	0
OUT151 JET 151	0	-4.62456	9.68137	8.68039	
OUT151 CON	151	0	4	0	0	
OUT151 CON	151	0	22	0	0	
OUT151 CON	151	0	20	0	0	
OUT151 CON	151	0	21	0	0	
OUT151 JET 151	1	-3.27897	-5.27083	0.993569	
OUT151 CON	151	1	1	0	0	
OUT151 CON	151	1	19	0	0	
OUT151 CON	151	1	2	0	0	
OUT151 CON	151	1	18	0	0	
OUT151 JET 151	2	3.8021	-3.78593	-4.19768	
OUT151 CON	151	2	11	0	0	
OUT151 CON	151	2	12	0	0	
OUT151 JET 151	3	-0.65471	-2.99112	1.45632	
OUT151 CON	151	3	13	0	0	
OUT151 END	151	0	0	0	0
