OUT163 START	163	0	0	0	0
OUT163 LP	163	0	3.56749	-2.58733	-3.81565
OUT163 IP 163	0	0.0447558	-1.23051	0.0972049
OUT163 IP 163	1	0.308265	-0.279099	0.22625
OUT163 IP 163	2	0.469899	0.340866	0.101777
OUT163 IP 163	3	-0.184463	-0.244455	-0.134215
OUT163 IP 163	4	0.320544	0.253465	0.024809
OUT163 IP 163	5	0.0243774	0.680974	0.602796
OUT163 IP 163	6	0.844147	-0.564728	-0.522417
OUT163 IP 163	7	0.62432	0.0859582	-0.462827
OUT163 IP 163	8	-0.705831	0.469697	-0.0128568
OUT163 IP 163	9	-0.270446	-1.00291	0.45084
OUT163 IP 163	10	-0.514916	-0.0934651	0.201628
OUT163 IP 163	11	-0.810594	0.326812	-0.783052
OUT163 IP 163	12	-0.282003	-0.165632	0.0114415
OUT163 IP 163	13	-0.309743	-0.128717	0.218914
OUT163 IP 163	14	-0.811307	1.23686	0.225181
OUT163 IP 163	15	-1.03258	0.0956259	0.227937
OUT163 IP 163	16	-0.332598	0.357083	0.0908464
OUT163 IP 163	17	0.223653	-0.403095	-0.0830689
OUT163 IP 163	18	0.409591	0.0710032	-0.0194656
OUT163 IP 163	19	1.93931	-0.548621	-1.81739
OUT163 IP 163	20	0.405542	-0.00348438	-0.254722
OUT163 IP 163	21	0.211425	0.116442	0.186086
OUT163 IP 163	22	-0.503503	-0.226302	0.492866
OUT163 IP 163	23	0.574676	0.297702	0.269714
OUT163 IP 163	24	0.00515946	-0.165175	0.0671932
OUT163 IP 163	25	0.144178	-0.121722	0.0725471
OUT163 IP 163	26	0.147715	-0.367571	-0.0124501
OUT163 IP 163	27	-0.427051	-0.13909	-0.0423833
OUT163 IP 163	28	0.308514	0.138463	-0.0464092
OUT163 IP 163	29	0.489819	0.296758	0.451945
OUT163 IP 163	30	0.187088	-0.10226	0.156857
OUT163 IP 163	31	0.0177885	1.1606	1.02461
OUT163 IP 163	32	0.166549	0.141574	-0.039021
OUT163 IP 163	33	1.09775	-1.06403	-0.104554
OUT163 IP 163	34	0.847967	0.0248408	-0.0826444
OUT163 IP 163	35	-0.0442727	-0.217421	-0.0111575
OUT163 IP 163	36	0.0941016	-0.415182	-0.00822646
OUT163 IP 163	37	0.312862	-0.269149	-0.0712431
OUT163 IP 163	38	0.0630417	0.329979	-0.0844665
OUT163 IP 163	39	-0.584844	0.472294	-0.361506
OUT163 IP 163	40	-0.778606	0.0478491	-0.0842842
OUT163 IP 163	41	-0.36347	0.214897	0.0732431
OUT163 IP 163	42	-0.259789	0.202305	-0.0344556
OUT163 IP 163	43	-1.1936	-1.29461	1.37676
OUT163 IP 163	44	-0.183226	0.122223	0.198628
OUT163 IP 163	45	0.246437	0.05201	0.236354
OUT163 IP 163	46	-0.280166	-0.595573	-0.447011
OUT163 IP 163	47	3.56749	-2.58733	-3.81565
OUT163 IP 163	48	2.2744	-0.98426	-1.49025
OUT163 IP 163	49	-0.374963	-0.0446951	0.223275
OUT163 IP 163	50	0.15701	0.101875	-0.024353
OUT163 IP 163	51	0.14659	0.0659309	-0.0914768
OUT163 IP 163	52	0.0596265	-0.185761	-0.0727242
OUT163 IP 163	53	0.451881	-0.803763	-0.681439
OUT163 IP 163	54	0.781236	-0.471223	-0.406772
OUT163 IP 163	55	-0.212637	0.0186101	0.182205
OUT163 IP 163	56	-0.152403	-0.204722	-0.128644
OUT163 JetStat	163	2	2	0	0
OUT163 JET 163	0	9.49685	-5.20269	-7.98113	
OUT163 CON	163	0	19	0	0	
OUT163 CON	163	0	54	0	0	
OUT163 CON	163	0	48	0	0	
OUT163 CON	163	0	6	0	0	
OUT163 CON	163	0	47	0	0	
OUT163 JET 163	1	-2.51813	2.5257	0.340798	
OUT163 CON	163	1	14	0	0	
OUT163 CON	163	1	16	0	0	
OUT163 CON	163	1	41	0	0	
OUT163 CON	163	1	8	0	0	
OUT163 CON	163	1	42	0	0	
OUT163 END	163	0	0	0	0
