OUT171 START	171	0	0	0	0
OUT171 LP	171	0	-4.17797	-1.82503	0.0407155
OUT171 IP 171	0	1.41347	0.892209	1.32747
OUT171 IP 171	1	-0.555954	0.115907	-0.531486
OUT171 IP 171	2	-1.03315	-0.0315177	-0.381725
OUT171 IP 171	3	-1.38872	-0.287638	-0.399704
OUT171 IP 171	4	-4.17797	-1.82503	0.0407155
OUT171 IP 171	5	-2.71241	-1.95051	-1.91213
OUT171 IP 171	6	0.163256	0.110718	-0.00899644
OUT171 IP 171	7	0.299362	0.163617	-0.233775
OUT171 IP 171	8	0.219655	-0.612059	0.133985
OUT171 IP 171	9	-0.385636	-0.41192	-0.0371371
OUT171 IP 171	10	-0.323941	-2.30734	0.534692
OUT171 IP 171	11	0.103307	-1.5494	-0.00386712
OUT171 IP 171	12	0.926895	0.00931126	-0.945402
OUT171 IP 171	13	0.252546	0.191228	0.124169
OUT171 IP 171	14	1.44234	1.86298	1.28298
OUT171 IP 171	15	-0.514507	0.0364964	0.312737
OUT171 IP 171	16	-0.662848	0.209919	0.37021
OUT171 IP 171	17	2.16725	1.57955	1.60062
OUT171 IP 171	18	-0.93958	1.65151	-1.22718
OUT171 IP 171	19	-0.189704	-0.2178	0.157716
OUT171 IP 171	20	-0.312023	0.0428779	-0.259325
OUT171 IP 171	21	-0.00289038	-1.19899	0.460974
OUT171 IP 171	22	-0.442933	-2.00891	0.580774
OUT171 IP 171	23	-0.433451	-1.32482	-1.34407
OUT171 IP 171	24	0.117361	-0.666546	-0.207133
OUT171 IP 171	25	2.25298	1.17707	0.180036
OUT171 IP 171	26	-0.131695	0.593877	0.451412
OUT171 IP 171	27	0.701818	1.41118	1.32192
OUT171 IP 171	28	2.05847	3.15016	2.95576
OUT171 IP 171	29	-0.444209	0.377854	0.563158
OUT171 IP 171	30	-0.346492	0.313323	0.449639
OUT171 IP 171	31	0.276159	-0.392252	0.299587
OUT171 IP 171	32	-0.0619897	-0.222787	-0.160337
OUT171 IP 171	33	-0.00961634	-0.260064	-0.0830539
OUT171 IP 171	34	0.174567	-0.0648085	0.118548
OUT171 IP 171	35	-0.0203734	0.188862	0.0412944
OUT171 IP 171	36	0.0727913	0.271451	0.176099
OUT171 IP 171	37	0.231164	0.260571	-0.24738
OUT171 IP 171	38	0.467687	-0.165211	-0.168437
OUT171 IP 171	39	0.327851	-0.40632	-0.50868
OUT171 JetStat	171	4	4	0	0
OUT171 JET 171	0	8.28313	9.5561	8.74502	
OUT171 CON	171	0	13	0	0	
OUT171 CON	171	0	0	0	0	
OUT171 CON	171	0	17	0	0	
OUT171 CON	171	0	36	0	0	
OUT171 CON	171	0	14	0	0	
OUT171 CON	171	0	27	0	0	
OUT171 CON	171	0	28	0	0	
OUT171 JET 171	1	-0.669942	-7.10745	1.56208	
OUT171 CON	171	1	11	0	0	
OUT171 CON	171	1	21	0	0	
OUT171 CON	171	1	10	0	0	
OUT171 CON	171	1	22	0	0	
OUT171 JET 171	2	-5.58875	-2.12013	-0.354085	
OUT171 CON	171	2	3	0	0	
OUT171 CON	171	2	4	0	0	
OUT171 JET 171	3	-2.71241	-1.95051	-1.91213	
OUT171 CON	171	3	5	0	0	
OUT171 END	171	0	0	0	0
