OUT100 START	100	0	0	0	0
OUT100 LP	100	0	4.14052	3.2509	1.20488
OUT100 IP 100	0	0.205738	0.492464	-0.449989
OUT100 IP 100	1	-0.246353	-0.12811	-0.253211
OUT100 IP 100	2	-0.17947	0.0287871	0.0646025
OUT100 IP 100	3	-0.386923	0.151096	-0.0232297
OUT100 IP 100	4	0.446912	-0.502685	-0.051985
OUT100 IP 100	5	1.36894	0.449593	0.668525
OUT100 IP 100	6	0.712342	1.38051	0.436507
OUT100 IP 100	7	-1.20417	0.0607351	-1.02459
OUT100 IP 100	8	-0.113683	0.267355	0.0128284
OUT100 IP 100	9	0.279351	0.0459927	0.0141458
OUT100 IP 100	10	-0.404172	0.787356	0.791253
OUT100 IP 100	11	0.443103	0.1991	0.05136
OUT100 IP 100	12	0.431873	0.536439	-0.198164
OUT100 IP 100	13	1.49197	0.795283	-1.5764
OUT100 IP 100	14	0.303349	1.98361	-1.39433
OUT100 IP 100	15	-0.267719	0.372184	-0.293013
OUT100 IP 100	16	0.135534	1.00836	-0.990169
OUT100 IP 100	17	-0.624599	0.00755245	-0.0871261
OUT100 IP 100	18	-1.22133	1.05182	-0.529939
OUT100 IP 100	19	0.108471	-0.167165	0.142944
OUT100 IP 100	20	-0.797484	-3.08201	-0.934691
OUT100 IP 100	21	-0.179455	-0.11854	-0.144819
OUT100 IP 100	22	0.318658	-1.62319	-0.851982
OUT100 IP 100	23	-0.769376	-0.131478	0.424495
OUT100 IP 100	24	0.210654	-0.331918	-0.16644
OUT100 IP 100	25	-0.635857	-0.441406	-0.161497
OUT100 IP 100	26	1.70228	0.919136	0.467876
OUT100 IP 100	27	0.894343	0.718837	0.580785
OUT100 IP 100	28	0.55023	-0.189932	0.38455
OUT100 IP 100	29	-0.121762	0.461902	0.465216
OUT100 IP 100	30	-0.713213	-0.624021	0.740241
OUT100 IP 100	31	-0.380721	-0.764664	0.40087
OUT100 IP 100	32	1.90645	-1.24615	-0.674081
OUT100 IP 100	33	-0.198694	0.429889	-0.372605
OUT100 IP 100	34	-0.385983	-0.114457	-0.375562
OUT100 IP 100	35	4.14052	3.2509	1.20488
OUT100 IP 100	36	1.30003	0.789098	0.427444
OUT100 IP 100	37	0.724684	0.154869	-0.311519
OUT100 IP 100	38	0.443961	0.433274	-0.231471
OUT100 IP 100	39	-0.450614	-0.143172	-0.141378
OUT100 IP 100	40	-0.954907	0.0978175	-0.64984
OUT100 IP 100	41	0.461121	0.528865	0.286908
OUT100 IP 100	42	-0.219266	0.0549012	-0.0242542
OUT100 JetStat	100	3	3	0	0
OUT100 JET 100	0	10.4065	6.91646	3.66652	
OUT100 CON	100	0	5	0	0	
OUT100 CON	100	0	41	0	0	
OUT100 CON	100	0	27	0	0	
OUT100 CON	100	0	11	0	0	
OUT100 CON	100	0	26	0	0	
OUT100 CON	100	0	35	0	0	
OUT100 CON	100	0	36	0	0	
OUT100 JET 100	1	0.648024	3.4983	-2.82153	
OUT100 CON	100	1	0	0	0	
OUT100 CON	100	1	14	0	0	
OUT100 CON	100	1	16	0	0	
OUT100 JET 100	2	-0.797484	-3.08201	-0.934691	
OUT100 CON	100	2	20	0	0	
OUT100 END	100	0	0	0	0
