OUT282 START	282	0	0	0	0
OUT282 LP	282	0	0.303694	3.57246	1.23354
OUT282 IP 282	0	-0.357318	0.921583	0.225246
OUT282 IP 282	1	0.30787	1.0421	0.631433
OUT282 IP 282	2	-0.64314	0.662924	0.460917
OUT282 IP 282	3	0.564246	2.39571	1.48503
OUT282 IP 282	4	-0.289912	2.07059	1.10396
OUT282 IP 282	5	0.0228725	0.199031	0.169874
OUT282 IP 282	6	0.312658	0.480476	0.151735
OUT282 IP 282	7	-0.192697	-0.140913	-0.160545
OUT282 IP 282	8	0.167846	-0.362434	0.201125
OUT282 IP 282	9	0.303694	3.57246	1.23354
OUT282 IP 282	10	-0.164717	1.29361	0.515014
OUT282 IP 282	11	-0.212108	0.0499882	0.198511
OUT282 IP 282	12	0.497656	0.0876302	-0.464935
OUT282 IP 282	13	0.138072	-0.626916	0.129321
OUT282 IP 282	14	-0.383122	0.0570868	-0.0133367
OUT282 IP 282	15	0.0232515	-0.164382	0.117525
OUT282 IP 282	16	-0.162199	-0.0242982	0.0807708
OUT282 JetStat	282	1	1	0	0
OUT282 JET 282	0	0.751812	10.702	5.10847	
OUT282 CON	282	0	5	0	0	
OUT282 CON	282	0	1	0	0	
OUT282 CON	282	0	3	0	0	
OUT282 CON	282	0	9	0	0	
OUT282 CON	282	0	4	0	0	
OUT282 CON	282	0	10	0	0	
OUT282 END	282	0	0	0	0
