OUT46 START	46	0	0	0	0
OUT46 LP	46	0	-7.31124	-8.87672	6.34088
OUT46 IP 46	0	-1.00352	0.124215	-0.802914
OUT46 IP 46	1	0.387836	-0.00424883	-0.0984763
OUT46 IP 46	2	-0.142442	-0.63221	-0.0438737
OUT46 IP 46	3	-0.609233	-0.459605	-0.689212
OUT46 IP 46	4	-0.507164	0.330295	-0.499728
OUT46 IP 46	5	-0.658437	-1.36297	0.666986
OUT46 IP 46	6	-7.31124	-8.87672	6.34088
OUT46 IP 46	7	-0.596569	-0.301905	-0.186757
OUT46 IP 46	8	-0.19353	0.0783424	0.156903
OUT46 IP 46	9	0.0845543	-0.211324	0.110606
OUT46 IP 46	10	-0.637279	-0.311695	0.631939
OUT46 IP 46	11	-0.00120296	-0.219087	-0.0186454
OUT46 IP 46	12	-0.0658941	-0.185251	0.0135653
OUT46 IP 46	13	0.0217995	-0.896653	0.189922
OUT46 IP 46	14	-0.471931	-0.546358	0.013964
OUT46 IP 46	15	0.0425161	-1.2346	-0.375869
OUT46 IP 46	16	-0.256117	-0.741653	-0.246565
OUT46 IP 46	17	0.345316	-0.5431	-0.252327
OUT46 IP 46	18	-0.127447	-0.225327	0.207771
OUT46 JetStat	46	2	2	0	0
OUT46 JET 46	0	-8.12022	-10.4987	7.20846	
OUT46 CON	46	0	18	0	0	
OUT46 CON	46	0	5	0	0	
OUT46 CON	46	0	6	0	0	
OUT46 JET 46	1	-0.42899	-3.05374	-0.666978	
OUT46 CON	46	1	12	0	0	
OUT46 CON	46	1	16	0	0	
OUT46 CON	46	1	2	0	0	
OUT46 CON	46	1	11	0	0	
OUT46 CON	46	1	15	0	0	
OUT46 END	46	0	0	0	0
