OUT70 START	70	0	0	0	0
OUT70 LP	70	0	6.76584	2.55022	-3.02937
OUT70 IP 70	0	-0.829725	-0.302912	-0.539102
OUT70 IP 70	1	-1.05371	1.57201	0.946743
OUT70 IP 70	2	-0.240236	0.194313	0.121304
OUT70 IP 70	3	6.76584	2.55022	-3.02937
OUT70 IP 70	4	0.610826	-0.643421	-0.812786
OUT70 IP 70	5	0.884287	0.528247	-0.660908
OUT70 IP 70	6	1.0665	-0.392663	-0.737631
OUT70 IP 70	7	0.438699	-1.18985	-1.0035
OUT70 IP 70	8	-0.835378	-1.16204	0.584777
OUT70 IP 70	9	-0.488642	0.31774	-0.0834444
OUT70 IP 70	10	-0.810379	-1.18355	0.977311
OUT70 IP 70	11	-1.05857	0.908787	0.473819
OUT70 IP 70	12	-0.928322	2.26654	1.69773
OUT70 IP 70	13	-0.339242	-0.0278613	-0.136363
OUT70 IP 70	14	1.36034	-0.151273	0.959547
OUT70 IP 70	15	1.00857	0.380498	-0.70817
OUT70 IP 70	16	1.83874	0.124506	-1.25421
OUT70 IP 70	17	0.290501	0.145363	0.258902
OUT70 IP 70	18	0.34686	-0.802084	0.0219277
OUT70 IP 70	19	0.163633	-0.109878	-0.0498712
OUT70 IP 70	20	-0.825959	0.576027	0.539705
OUT70 IP 70	21	-0.0821104	-0.159374	0.101219
OUT70 IP 70	22	0.508898	0.455257	0.00496244
OUT70 IP 70	23	0.314238	0.226246	0.336421
OUT70 JetStat	70	3	3	0	0
OUT70 JET 70	0	10.5831	3.60866	-5.62123	
OUT70 CON	70	0	16	0	0	
OUT70 CON	70	0	5	0	0	
OUT70 CON	70	0	3	0	0	
OUT70 CON	70	0	15	0	0	
OUT70 JET 70	1	-1.99217	3.85775	2.6357	
OUT70 CON	70	1	1	0	0	
OUT70 CON	70	1	12	0	0	
OUT70 JET 70	2	-1.72881	-2.50644	1.65217	
OUT70 CON	70	2	8	0	0	
OUT70 CON	70	2	10	0	0	
OUT70 CON	70	2	21	0	0	
OUT70 END	70	0	0	0	0
