OUT277 START	277	0	0	0	0
OUT277 LP	277	0	6.78938	-5.4711	2.16894
OUT277 IP 277	0	0.659955	-0.611335	0.462003
OUT277 IP 277	1	-0.757111	-2.14307	1.85185
OUT277 IP 277	2	0.741084	-1.14856	1.17015
OUT277 IP 277	3	0.492415	-2.42942	-0.00224988
OUT277 IP 277	4	6.78938	-5.4711	2.16894
OUT277 IP 277	5	0.310132	-0.035858	0.153333
OUT277 IP 277	6	-0.721705	-0.0533338	-0.628913
OUT277 IP 277	7	-2.16911	1.84546	1.56027
OUT277 IP 277	8	-0.141619	0.303647	-0.0548135
OUT277 IP 277	9	-0.414222	-0.516901	-0.012779
OUT277 IP 277	10	0.614291	0.0553421	-0.391801
OUT277 IP 277	11	-0.155679	0.135679	-0.0867949
OUT277 IP 277	12	0.264127	0.0388164	-0.17027
OUT277 IP 277	13	0.598162	0.00866484	-0.509247
OUT277 IP 277	14	0.152988	0.0218897	0.0279941
OUT277 IP 277	15	-1.41145	1.06871	0.796433
OUT277 IP 277	16	0.278817	0.56132	0.14971
OUT277 IP 277	17	-0.703321	0.0420681	0.0491149
OUT277 IP 277	18	-0.149594	0.123876	-0.128141
OUT277 IP 277	19	-0.9343	-0.365759	0.666189
OUT277 IP 277	20	-0.342906	0.639026	-0.51268
OUT277 IP 277	21	-0.388737	-0.251605	0.219238
OUT277 IP 277	22	-0.208512	0.387949	0.335807
OUT277 IP 277	23	0.0406868	-0.418915	-0.275491
OUT277 IP 277	24	0.922347	-0.537887	-0.499934
OUT277 IP 277	25	2.83024	-0.31262	-2.33918
OUT277 IP 277	26	1.16928	1.45107	0.960389
OUT277 IP 277	27	0.46779	-0.494981	0.27871
OUT277 IP 277	28	0.103585	0.136124	0.139573
OUT277 IP 277	29	0.115102	0.360696	0.299573
OUT277 IP 277	30	0.552151	0.362346	-0.0903166
OUT277 IP 277	31	1.08817	-0.0747682	0.229332
OUT277 IP 277	32	0.287255	-0.0454781	-0.253761
OUT277 IP 277	33	-0.131282	-0.174631	-0.131796
OUT277 JetStat	277	3	3	0	0
OUT277 JET 277	0	7.92254	-6.5822	2.89941	
OUT277 CON	277	0	0	0	0	
OUT277 CON	277	0	4	0	0	
OUT277 CON	277	0	27	0	0	
OUT277 JET 277	1	4.61317	-0.255749	-3.65743	
OUT277 CON	277	1	12	0	0	
OUT277 CON	277	1	10	0	0	
OUT277 CON	277	1	13	0	0	
OUT277 CON	277	1	25	0	0	
OUT277 CON	277	1	32	0	0	
OUT277 JET 277	2	-3.58193	2.91528	2.3546	
OUT277 CON	277	2	7	0	0	
OUT277 CON	277	2	15	0	0	
OUT277 END	277	0	0	0	0
