OUT74 START	74	0	0	0	0
OUT74 LP	74	0	-8.82418	2.13142	5.81072
OUT74 IP 74	0	-0.0328731	1.03657	0.109208
OUT74 IP 74	1	-8.82418	2.13142	5.81072
OUT74 IP 74	2	-0.379962	1.87106	1.95086
OUT74 IP 74	3	0.689523	0.952874	-0.659665
OUT74 IP 74	4	0.0620813	-0.303302	-0.270114
OUT74 IP 74	5	0.21607	0.056724	-0.0825348
OUT74 IP 74	6	-0.0465944	-0.321074	0.278708
OUT74 IP 74	7	-0.325536	0.0888582	0.0684104
OUT74 IP 74	8	-0.789808	0.274165	0.50061
OUT74 IP 74	9	-0.294418	-0.138716	0.129821
OUT74 IP 74	10	-0.453085	1.60792	0.922073
OUT74 IP 74	11	0.177344	0.0958145	0.0819223
OUT74 IP 74	12	0.70543	-0.821132	-1.08397
OUT74 IP 74	13	1.96575	0.54752	1.72719
OUT74 IP 74	14	0.389556	0.467485	0.515956
OUT74 IP 74	15	0.244917	-0.00189092	0.238025
OUT74 IP 74	16	0.438451	0.57426	0.565274
OUT74 IP 74	17	0.412358	0.304802	0.372003
OUT74 IP 74	18	-0.400181	0.392404	0.450502
OUT74 IP 74	19	-0.626976	0.15809	0.224222
OUT74 IP 74	20	0.0783211	0.25318	0.207593
OUT74 IP 74	21	-0.0489889	0.268035	0.064957
OUT74 IP 74	22	-0.174553	-0.192437	-0.259405
OUT74 IP 74	23	-0.228952	-0.115106	-0.0143197
OUT74 IP 74	24	0.366679	0.0744919	-0.0511746
OUT74 IP 74	25	-0.366809	1.01898	-1.01984
OUT74 JetStat	74	1	1	0	0
OUT74 JET 74	0	-10.57	2.65353	6.58154	
OUT74 CON	74	0	7	0	0	
OUT74 CON	74	0	19	0	0	
OUT74 CON	74	0	1	0	0	
OUT74 CON	74	0	8	0	0	
OUT74 END	74	0	0	0	0
