OUT162 START	162	0	0	0	0
OUT162 LP	162	0	3.7741	-2.827	-1.98248
OUT162 IP 162	0	0.198368	-0.232853	0.197919
OUT162 IP 162	1	0.0936168	1.76641	-1.59781
OUT162 IP 162	2	-0.366839	0.400407	0.0682008
OUT162 IP 162	3	1.84162	-1.53283	-0.891046
OUT162 IP 162	4	0.190908	-0.15219	-0.120946
OUT162 IP 162	5	0.612239	-0.722862	0.459031
OUT162 IP 162	6	0.176994	0.339302	0.358468
OUT162 IP 162	7	-0.749153	-0.383505	-0.0412662
OUT162 IP 162	8	-0.674966	-0.341347	0.11338
OUT162 IP 162	9	-0.64597	-0.301105	0.614173
OUT162 IP 162	10	-0.0569465	-0.495385	0.0141813
OUT162 IP 162	11	0.10949	-0.150363	-0.0719981
OUT162 IP 162	12	0.359734	-0.304604	0.243754
OUT162 IP 162	13	-0.0520979	0.475307	0.130833
OUT162 IP 162	14	0.0272466	-0.511681	0.22798
OUT162 IP 162	15	-0.450501	0.236151	0.274755
OUT162 IP 162	16	3.7741	-2.827	-1.98248
OUT162 IP 162	17	0.894835	-0.758972	0.0141076
OUT162 IP 162	18	0.0128507	0.335688	-0.337944
OUT162 IP 162	19	0.363293	-0.280011	0.191386
OUT162 IP 162	20	0.488992	-0.381317	0.429625
OUT162 IP 162	21	-0.531221	0.269073	-0.372339
OUT162 IP 162	22	-0.351773	0.18348	0.185891
OUT162 IP 162	23	0.394819	0.497207	0.0604778
OUT162 IP 162	24	-0.16661	0.285148	0.237621
OUT162 IP 162	25	1.20939	-0.453148	-0.208444
OUT162 IP 162	26	0.594739	-0.0689672	-0.159716
OUT162 IP 162	27	-0.260184	0.043193	0.00509089
OUT162 IP 162	28	0.341101	0.275368	-0.411678
OUT162 JetStat	162	1	1	0	0
OUT162 JET 162	0	8.07468	-5.91021	-3.23402	
OUT162 CON	162	0	17	0	0	
OUT162 CON	162	0	25	0	0	
OUT162 CON	162	0	11	0	0	
OUT162 CON	162	0	4	0	0	
OUT162 CON	162	0	3	0	0	
OUT162 CON	162	0	16	0	0	
OUT162 END	162	0	0	0	0
