OUT92 START	92	0	0	0	0
OUT92 LP	92	0	-0.652566	-4.09472	-0.00139479
OUT92 IP 92	0	1.2733	0.955437	-0.280961
OUT92 IP 92	1	0.2696	0.137253	0.022801
OUT92 IP 92	2	2.61405	-2.92487	0.558866
OUT92 IP 92	3	0.445229	-1.33403	-0.295786
OUT92 IP 92	4	1.12708	0.186308	-0.498307
OUT92 IP 92	5	-0.404311	0.253814	-0.386522
OUT92 IP 92	6	0.506799	0.111165	0.237173
OUT92 IP 92	7	-0.271927	0.135119	-0.274841
OUT92 IP 92	8	0.269003	0.698424	-0.512962
OUT92 IP 92	9	-0.464244	-0.518358	-0.700201
OUT92 IP 92	10	-0.131536	-0.107056	0.133155
OUT92 IP 92	11	0.110346	-0.134676	-0.103177
OUT92 IP 92	12	0.328147	-0.103314	-0.0302511
OUT92 IP 92	13	1.13608	-1.39226	0.778233
OUT92 IP 92	14	0.0482155	-3.01526	0.318399
OUT92 IP 92	15	-0.556353	-1.36339	-0.158421
OUT92 IP 92	16	-0.652566	-4.09472	-0.00139479
OUT92 IP 92	17	-0.0198645	-3.09785	-0.11925
OUT92 IP 92	18	-0.198463	0.351693	-0.116516
OUT92 IP 92	19	-0.0477816	0.295472	0.0642379
OUT92 IP 92	20	0.0772497	0.327125	0.277518
OUT92 IP 92	21	1.3063	1.17783	-0.150008
OUT92 IP 92	22	-0.157461	-0.566047	0.0810619
OUT92 IP 92	23	-0.504948	0.615906	-0.386436
OUT92 IP 92	24	-0.479053	-0.523738	0.410618
OUT92 IP 92	25	0.122815	-0.322141	-0.154522
OUT92 IP 92	26	-0.338348	0.734461	0.556939
OUT92 IP 92	27	-0.0578677	0.489705	0.430972
OUT92 IP 92	28	-0.464336	0.241121	0.308508
OUT92 IP 92	29	0.20957	-0.00235238	0.13409
OUT92 IP 92	30	1.21966	0.352878	0.430022
OUT92 IP 92	31	0.51272	0.276268	-0.186771
OUT92 IP 92	32	-0.427921	0.973737	-0.550074
OUT92 JetStat	92	3	3	0	0
OUT92 JET 92	0	-1.35413	-12.2454	0.119887	
OUT92 CON	92	0	15	0	0	
OUT92 CON	92	0	22	0	0	
OUT92 CON	92	0	14	0	0	
OUT92 CON	92	0	16	0	0	
OUT92 CON	92	0	17	0	0	
OUT92 JET 92	1	3.75094	-4.31808	1.3243	
OUT92 CON	92	1	2	0	0	
OUT92 CON	92	1	13	0	0	
OUT92 JET 92	2	3.3766	2.55734	-0.592192	
OUT92 CON	92	2	1	0	0	
OUT92 CON	92	2	31	0	0	
OUT92 CON	92	2	0	0	0	
OUT92 CON	92	2	21	0	0	
OUT92 END	92	0	0	0	0
