OUT75 START	75	0	0	0	0
OUT75 LP	75	0	3.19349	-5.54605	0.425535
OUT75 IP 75	0	1.88168	-2.52	0.0605741
OUT75 IP 75	1	0.0165497	0.402162	0.38656
OUT75 IP 75	2	-1.98353	3.33353	1.76601
OUT75 IP 75	3	0.33601	0.2758	-0.0539717
OUT75 IP 75	4	0.264185	-0.108443	0.136143
OUT75 IP 75	5	-0.24889	0.405941	-0.402093
OUT75 IP 75	6	-0.298859	0.766388	-0.796183
OUT75 IP 75	7	-0.561741	-0.593316	0.570418
OUT75 IP 75	8	2.10456	-0.0104655	-0.739093
OUT75 IP 75	9	0.286223	-0.0792821	-0.275516
OUT75 IP 75	10	0.617193	-0.638898	0.331848
OUT75 IP 75	11	0.527231	-0.128337	-0.166965
OUT75 IP 75	12	-0.888468	-0.0904992	0.00701655
OUT75 IP 75	13	0.330795	-0.294331	0.246031
OUT75 IP 75	14	3.19349	-5.54605	0.425535
OUT75 IP 75	15	1.61885	-2.03329	-0.133731
OUT75 IP 75	16	0.123407	-1.8834	0.229047
OUT75 IP 75	17	-0.513195	0.735617	0.666148
OUT75 IP 75	18	-0.331517	0.969903	0.936005
OUT75 IP 75	19	0.152897	0.0933262	-0.132895
OUT75 IP 75	20	0.0434909	-0.360121	-0.226034
OUT75 IP 75	21	-0.931628	-0.0629054	-0.704359
OUT75 IP 75	22	-1.22932	-0.633742	-1.20532
OUT75 IP 75	23	-0.217097	-0.469676	-0.26636
OUT75 IP 75	24	0.0133215	-0.174993	0.115007
OUT75 IP 75	25	0.157059	-0.00406111	0.0423814
OUT75 IP 75	26	-0.354809	-0.223291	0.147075
OUT75 IP 75	27	-0.318175	-0.00181431	0.025625
OUT75 IP 75	28	-0.0227133	0.364349	0.331973
OUT75 JetStat	75	2	2	0	0
OUT75 JET 75	0	7.33482	-10.772	0.677002	
OUT75 CON	75	0	10	0	0	
OUT75 CON	75	0	15	0	0	
OUT75 CON	75	0	0	0	0	
OUT75 CON	75	0	14	0	0	
OUT75 JET 75	1	-2.83847	5.05907	3.3251	
OUT75 CON	75	1	18	0	0	
OUT75 CON	75	1	2	0	0	
OUT75 CON	75	1	17	0	0	
OUT75 END	75	0	0	0	0
