OUT248 START	248	0	0	0	0
OUT248 LP	248	0	-5.07432	-3.85891	1.50985
OUT248 IP 248	0	1.82736	-0.0270045	0.0800148
OUT248 IP 248	1	-0.159125	0.735739	0.349699
OUT248 IP 248	2	-1.34327	0.0484051	0.0368791
OUT248 IP 248	3	-0.616041	0.120237	-0.405174
OUT248 IP 248	4	0.564652	0.372351	-0.342289
OUT248 IP 248	5	0.230102	0.329975	-0.0599542
OUT248 IP 248	6	1.03012	-0.660035	-1.16005
OUT248 IP 248	7	0.632286	-0.615143	-0.230755
OUT248 IP 248	8	1.1296	-0.534637	-0.286415
OUT248 IP 248	9	1.23769	-0.20873	0.250732
OUT248 IP 248	10	3.91454	1.11835	1.82422
OUT248 IP 248	11	0.630777	-1.26015	1.29652
OUT248 IP 248	12	0.516826	0.165338	0.136103
OUT248 IP 248	13	0.602967	0.363293	-0.426777
OUT248 IP 248	14	1.10381	0.529296	0.910872
OUT248 IP 248	15	-0.076195	0.346542	0.0778644
OUT248 IP 248	16	-0.211406	0.492235	0.00518891
OUT248 IP 248	17	0.132063	0.158273	0.180263
OUT248 IP 248	18	0.127222	0.350476	0.0570608
OUT248 IP 248	19	-0.554979	-0.441923	-0.0111827
OUT248 IP 248	20	-0.40795	0.021269	0.0852346
OUT248 IP 248	21	-0.214114	0.0900358	0.0580704
OUT248 IP 248	22	0.242535	0.990693	0.768641
OUT248 IP 248	23	1.09097	-0.00680518	0.433436
OUT248 IP 248	24	-0.459266	0.0779255	0.473321
OUT248 IP 248	25	-0.0104649	0.469624	0.00154786
OUT248 IP 248	26	0.127436	0.105093	-0.0544368
OUT248 IP 248	27	0.347197	0.137139	-0.323359
OUT248 IP 248	28	0.136403	0.199652	-0.11955
OUT248 IP 248	29	-0.162777	0.119825	0.152894
OUT248 IP 248	30	-0.131279	0.157851	-0.0196839
OUT248 IP 248	31	-0.392778	-0.163289	-0.101184
OUT248 IP 248	32	-0.350217	0.797119	-0.415268
OUT248 IP 248	33	0.245105	0.391156	-0.306059
OUT248 IP 248	34	-0.157755	0.974009	-0.605289
OUT248 IP 248	35	0.272412	-0.189619	-0.163059
OUT248 IP 248	36	0.48558	-0.129305	0.135928
OUT248 IP 248	37	1.6477	0.201977	0.33571
OUT248 IP 248	38	-0.913831	-0.770024	0.217904
OUT248 IP 248	39	0.179357	0.123997	0.163645
OUT248 IP 248	40	1.56101	0.287415	0.974389
OUT248 IP 248	41	-0.520368	-0.794406	0.796111
OUT248 IP 248	42	0.346505	0.137036	0.338356
OUT248 IP 248	43	-0.508987	-0.425641	0.154232
OUT248 IP 248	44	-5.07432	-3.85891	1.50985
OUT248 JetStat	248	3	3	0	0
OUT248 JET 248	0	9.90995	2.31258	4.56412	
OUT248 CON	248	0	14	0	0	
OUT248 CON	248	0	37	0	0	
OUT248 CON	248	0	23	0	0	
OUT248 CON	248	0	12	0	0	
OUT248 CON	248	0	10	0	0	
OUT248 CON	248	0	40	0	0	
OUT248 JET 248	1	-7.05349	-5.49758	1.86781	
OUT248 CON	248	1	19	0	0	
OUT248 CON	248	1	38	0	0	
OUT248 CON	248	1	43	0	0	
OUT248 CON	248	1	44	0	0	
OUT248 JET 248	2	3.56641	-0.366843	0.464696	
OUT248 CON	248	2	0	0	0	
OUT248 CON	248	2	9	0	0	
OUT248 CON	248	2	36	0	0	
OUT248 END	248	0	0	0	0
