OUT299 START	299	0	0	0	0
OUT299 LP	299	0	5.00448	2.90698	-3.12089
OUT299 IP 299	0	3.78479	2.04239	-2.69121
OUT299 IP 299	1	-0.188411	0.301121	-0.299521
OUT299 IP 299	2	0.768426	-0.313012	0.244321
OUT299 IP 299	3	0.103795	-0.451189	0.373724
OUT299 IP 299	4	0.654281	1.13003	-0.035274
OUT299 IP 299	5	0.447394	0.322413	-0.434761
OUT299 IP 299	6	-0.0343709	0.19913	-0.168755
OUT299 IP 299	7	0.205466	0.144635	0.103335
OUT299 IP 299	8	-0.396494	-0.303821	0.271838
OUT299 IP 299	9	5.00448	2.90698	-3.12089
OUT299 IP 299	10	0.347444	0.228629	-0.365634
OUT299 IP 299	11	0.336835	-0.37552	-0.108114
OUT299 IP 299	12	0.184541	-0.316162	-0.0323603
OUT299 IP 299	13	-0.182462	-0.405046	-0.133014
OUT299 IP 299	14	-0.194325	0.0984256	-0.166786
OUT299 IP 299	15	-0.299395	-0.188744	0.126833
OUT299 IP 299	16	-0.109794	-0.276111	-0.0755153
OUT299 IP 299	17	0.323586	0.0674547	-0.323275
OUT299 IP 299	18	0.670139	0.125666	0.315711
OUT299 JetStat	299	1	1	0	0
OUT299 JET 299	0	9.58863	5.50313	-6.59563	
OUT299 CON	299	0	10	0	0	
OUT299 CON	299	0	5	0	0	
OUT299 CON	299	0	0	0	0	
OUT299 CON	299	0	9	0	0	
OUT299 END	299	0	0	0	0
