OUT154 START	154	0	0	0	0
OUT154 LP	154	0	3.7558	-0.621849	-2.36814
OUT154 IP 154	0	-0.317581	0.108522	-0.0498963
OUT154 IP 154	1	3.7558	-0.621849	-2.36814
OUT154 IP 154	2	-0.0585977	2.10518	1.41132
OUT154 IP 154	3	0.119577	0.988936	0.659981
OUT154 IP 154	4	0.784814	1.98815	1.31734
OUT154 IP 154	5	-0.251395	1.75952	-0.441681
OUT154 IP 154	6	-0.779305	0.513184	-0.176179
OUT154 IP 154	7	-0.163261	0.394637	0.339626
OUT154 IP 154	8	-0.858214	0.471356	-0.579901
OUT154 IP 154	9	-0.216406	-0.131953	-0.155343
OUT154 IP 154	10	-0.753617	-1.31783	-1.37787
OUT154 IP 154	11	-0.241858	-0.798687	0.0180819
OUT154 IP 154	12	0.0208976	-0.282634	0.0437881
OUT154 IP 154	13	0.123794	-0.440417	0.112853
OUT154 IP 154	14	0.309973	1.68028	0.937141
OUT154 IP 154	15	0.032864	1.85826	0.700871
OUT154 IP 154	16	0.000369034	2.01034	1.36167
OUT154 IP 154	17	-0.637024	0.147105	0.215672
OUT154 IP 154	18	0.274287	0.0484448	-0.12558
OUT154 IP 154	19	-1.19807	0.548023	-0.808301
OUT154 IP 154	20	0.22378	-0.394711	0.0475271
OUT154 IP 154	21	-0.00549539	-0.838926	0.554222
OUT154 IP 154	22	-0.0295478	0.568442	0.172818
OUT154 IP 154	23	0.208941	0.886957	0.352128
OUT154 IP 154	24	-0.205854	0.606547	0.404139
OUT154 IP 154	25	0.0128839	-0.20059	-0.00202795
OUT154 IP 154	26	0.00411266	-0.613176	-0.148639
OUT154 IP 154	27	0.129005	-0.451033	0.0748905
OUT154 JetStat	154	2	2	0	0
OUT154 JET 154	0	1.3881	12.219	6.87227	
OUT154 CON	154	0	4	0	0	
OUT154 CON	154	0	22	0	0	
OUT154 CON	154	0	23	0	0	
OUT154 CON	154	0	15	0	0	
OUT154 CON	154	0	14	0	0	
OUT154 CON	154	0	3	0	0	
OUT154 CON	154	0	2	0	0	
OUT154 CON	154	0	16	0	0	
OUT154 JET 154	1	4.04493	-0.57405	-2.49207	
OUT154 CON	154	1	1	0	0	
OUT154 CON	154	1	18	0	0	
OUT154 END	154	0	0	0	0
