OUT169 START	169	0	0	0	0
OUT169 LP	169	0	-4.04151	4.85838	-2.56596
OUT169 IP 169	0	1.86451	-2.18641	2.21091
OUT169 IP 169	1	-3.64936	2.85839	-2.63037
OUT169 IP 169	2	-1.03822	1.64756	-0.680189
OUT169 IP 169	3	0.0289942	0.362162	-0.065546
OUT169 IP 169	4	-4.04151	4.85838	-2.56596
OUT169 IP 169	5	0.590362	0.77265	0.401785
OUT169 IP 169	6	1.41248	-3.23484	2.7377
OUT169 IP 169	7	-0.0846474	0.181332	0.144434
OUT169 IP 169	8	0.152931	0.486821	0.369792
OUT169 IP 169	9	-0.24536	0.356919	-0.281818
OUT169 IP 169	10	-0.812128	2.10527	1.64833
OUT169 IP 169	11	-0.0636282	0.213082	0.108671
OUT169 JetStat	169	2	2	0	0
OUT169 JET 169	0	-9.0465	9.79802	-6.13696	
OUT169 CON	169	0	1	0	0	
OUT169 CON	169	0	9	0	0	
OUT169 CON	169	0	2	0	0	
OUT169 CON	169	0	4	0	0	
OUT169 JET 169	1	3.31303	-5.47953	4.9486	
OUT169 CON	169	1	0	0	0	
OUT169 CON	169	1	6	0	0	
OUT169 END	169	0	0	0	0
