OUT47 START	47	0	0	0	0
OUT47 LP	47	0	-2.20801	7.399	-2.69991
OUT47 IP 47	0	-0.185499	0.855082	0.707042
OUT47 IP 47	1	-2.20801	7.399	-2.69991
OUT47 IP 47	2	-0.368762	-0.0596897	-0.324758
OUT47 IP 47	3	0.0126284	2.29618	-1.01837
OUT47 IP 47	4	0.35027	-0.324871	-0.285414
OUT47 IP 47	5	0.434641	0.789804	-0.347593
OUT47 IP 47	6	-0.3916	-0.000820259	-0.0161699
OUT47 IP 47	7	-0.148891	0.0261138	-0.0124796
OUT47 IP 47	8	0.325046	-0.53899	0.261498
OUT47 IP 47	9	-0.421304	-0.215566	0.405842
OUT47 IP 47	10	0.654436	-0.427017	-0.558724
OUT47 IP 47	11	-0.40015	0.455459	0.0162263
OUT47 IP 47	12	-0.601959	0.930834	-0.968134
OUT47 IP 47	13	0.207975	-0.251021	0.220296
OUT47 IP 47	14	0.238312	-0.187552	-0.128235
OUT47 IP 47	15	0.055233	-0.864376	0.0216611
OUT47 IP 47	16	-0.310979	-0.034883	-0.0502568
OUT47 IP 47	17	-0.0410042	-1.40705	-0.301824
OUT47 IP 47	18	0.179598	-0.192497	0.159344
OUT47 IP 47	19	0.197227	-0.111785	-0.00895573
OUT47 IP 47	20	0.28151	0.259621	0.064466
OUT47 IP 47	21	0.0170571	0.494196	-0.093826
OUT47 JetStat	47	1	1	0	0
OUT47 JET 47	0	-2.19334	10.2808	-3.8073	
OUT47 CON	47	0	21	0	0	
OUT47 CON	47	0	1	0	0	
OUT47 CON	47	0	3	0	0	
OUT47 END	47	0	0	0	0
