OUT234 START	234	0	0	0	0
OUT234 LP	234	0	0.5191	2.47454	-0.271315
OUT234 IP 234	0	-0.632088	-0.679492	-0.199709
OUT234 IP 234	1	-0.14365	-0.102935	0.0118403
OUT234 IP 234	2	0.274312	-0.218841	0.129117
OUT234 IP 234	3	-1.58774	-1.22718	0.80612
OUT234 IP 234	4	-0.150332	0.239313	-0.0214386
OUT234 IP 234	5	1.83978	-1.04667	1.64616
OUT234 IP 234	6	-0.193336	0.0505169	0.196169
OUT234 IP 234	7	0.63401	0.166738	-0.397522
OUT234 IP 234	8	2.51621	-0.383226	-1.91951
OUT234 IP 234	9	0.617981	2.52207	0.210092
OUT234 IP 234	10	0.336126	1.30351	0.404551
OUT234 IP 234	11	0.218443	1.99478	0.833899
OUT234 IP 234	12	0.5236	1.28977	0.294997
OUT234 IP 234	13	0.447923	1.13773	0.771269
OUT234 IP 234	14	0.204135	0.0248004	-0.206865
OUT234 IP 234	15	1.17631	2.05255	0.309934
OUT234 IP 234	16	-0.33357	-0.0217218	-0.331923
OUT234 IP 234	17	-0.238296	-1.90784	-0.550095
OUT234 IP 234	18	0.24084	-0.302061	-0.207866
OUT234 IP 234	19	-0.181713	0.0732696	-0.052833
OUT234 IP 234	20	0.327115	0.158599	-0.0708148
OUT234 IP 234	21	0.267082	0.4718	0.270046
OUT234 IP 234	22	0.268597	-0.157871	-0.192205
OUT234 IP 234	23	-0.0507693	-0.193483	0.169317
OUT234 IP 234	24	-0.407724	0.257236	-0.362623
OUT234 IP 234	25	-0.145492	-0.253111	0.289922
OUT234 IP 234	26	-0.194173	0.169163	-0.26113
OUT234 IP 234	27	0.71402	0.359913	-0.508739
OUT234 IP 234	28	0.817834	0.754546	-0.480326
OUT234 IP 234	29	0.5191	2.47454	-0.271315
OUT234 IP 234	30	0.479709	1.65477	-1.0531
OUT234 IP 234	31	-0.28343	0.0661346	-0.138394
OUT234 IP 234	32	0.287825	0.411161	-0.0768945
OUT234 IP 234	33	-0.0195027	-0.221111	-0.0553061
OUT234 IP 234	34	0.521508	0.163915	-0.0962617
OUT234 IP 234	35	0.425687	0.662152	0.0176253
OUT234 IP 234	36	-0.166499	-0.138052	0.148333
OUT234 IP 234	37	0.332406	-0.293816	-0.0829892
OUT234 JetStat	234	2	2	0	0
OUT234 JET 234	0	3.93017	10.8268	0.881535	
OUT234 CON	234	0	32	0	0	
OUT234 CON	234	0	29	0	0	
OUT234 CON	234	0	10	0	0	
OUT234 CON	234	0	9	0	0	
OUT234 CON	234	0	12	0	0	
OUT234 CON	234	0	15	0	0	
OUT234 CON	234	0	35	0	0	
OUT234 JET 234	1	0.946518	3.65088	1.86814	
OUT234 CON	234	1	11	0	0	
OUT234 CON	234	1	13	0	0	
OUT234 CON	234	1	21	0	0	
OUT234 END	234	0	0	0	0
