OUT213 START	213	0	0	0	0
OUT213 LP	213	0	-3.06446	1.937	-0.135896
OUT213 IP 213	0	-0.212315	-0.0513115	0.0879073
OUT213 IP 213	1	-3.06446	1.937	-0.135896
OUT213 IP 213	2	-2.30431	0.933709	0.250633
OUT213 IP 213	3	-2.53654	1.19575	-0.227167
OUT213 IP 213	4	-1.25228	1.08348	-0.517103
OUT213 IP 213	5	0.190832	1.0001	-0.106332
OUT213 IP 213	6	-0.149911	-0.155388	0.130796
OUT213 IP 213	7	0.192189	0.61245	0.0673495
OUT213 IP 213	8	0.180453	0.0341564	-0.0981049
OUT213 IP 213	9	0.441159	-0.00997869	-0.0424924
OUT213 IP 213	10	-0.797762	-0.440019	0.341304
OUT213 IP 213	11	-0.00396651	0.177869	0.15347
OUT213 IP 213	12	-0.206715	0.431322	-0.278632
OUT213 IP 213	13	-1.05039	0.118326	-0.536515
OUT213 IP 213	14	-0.877312	1.04273	-0.252327
OUT213 IP 213	15	-0.192334	-0.0452088	0.0903133
OUT213 IP 213	16	0.0618064	0.217043	-0.0834333
OUT213 IP 213	17	-0.164384	0.545521	0.513392
OUT213 IP 213	18	0.307574	0.213388	0.0612258
OUT213 IP 213	19	-0.282122	-0.428163	-0.498047
OUT213 IP 213	20	0.0153127	0.307778	-0.0432298
OUT213 IP 213	21	-0.118022	-0.0959903	0.027509
OUT213 JetStat	213	1	1	0	0
OUT213 JET 213	0	-10.1532	6.27251	-0.873305	
OUT213 CON	213	0	14	0	0	
OUT213 CON	213	0	4	0	0	
OUT213 CON	213	0	2	0	0	
OUT213 CON	213	0	1	0	0	
OUT213 CON	213	0	3	0	0	
OUT213 END	213	0	0	0	0
