OUT129 START	129	0	0	0	0
OUT129 LP	129	0	4.02549	-2.15401	-0.581554
OUT129 IP 129	0	0.520142	0.540735	0.386977
OUT129 IP 129	1	0.861774	1.11396	0.13877
OUT129 IP 129	2	-0.0655471	1.38438	0.385221
OUT129 IP 129	3	0.219518	-0.382107	0.41752
OUT129 IP 129	4	-0.26177	-0.0918823	0.273372
OUT129 IP 129	5	-0.0340226	-0.434567	0.0790304
OUT129 IP 129	6	1.28113	-0.465742	-0.734976
OUT129 IP 129	7	4.02549	-2.15401	-0.581554
OUT129 IP 129	8	0.522346	0.0470264	-0.141474
OUT129 IP 129	9	0.776685	0.0660908	-0.567073
OUT129 IP 129	10	1.38627	-0.262253	-0.0282017
OUT129 IP 129	11	0.588452	-0.221978	-0.092024
OUT129 IP 129	12	-0.15848	-0.194913	0.116325
OUT129 IP 129	13	0.0883421	0.154733	-0.133983
OUT129 IP 129	14	-0.921774	-0.0689435	-0.891276
OUT129 IP 129	15	0.595498	-0.708692	0.36213
OUT129 IP 129	16	0.11119	0.583431	0.193465
OUT129 IP 129	17	0.0832607	-0.562606	-0.465515
OUT129 IP 129	18	-0.044319	0.294611	0.121345
OUT129 IP 129	19	0.0211878	0.156198	0.101136
OUT129 IP 129	20	-0.0595747	-0.302559	-0.00348241
OUT129 IP 129	21	0.337819	0.149991	-0.335668
OUT129 IP 129	22	0.00283082	0.19719	0.167926
OUT129 IP 129	23	-0.175623	-0.113963	0.139082
OUT129 IP 129	24	-0.313509	0.178226	-0.229016
OUT129 IP 129	25	0.0863372	0.678979	0.455321
OUT129 IP 129	26	0.611087	-0.494917	-0.14309
OUT129 IP 129	27	-0.374388	-0.512702	0.428376
OUT129 IP 129	28	-2.49305	-0.753361	1.19973
OUT129 IP 129	29	-2.36448	-0.852423	0.976632
OUT129 IP 129	30	-0.119178	-0.274547	0.227687
OUT129 IP 129	31	-0.979399	-0.740202	0.253022
OUT129 IP 129	32	-0.211612	0.0814532	-0.0174602
OUT129 IP 129	33	0.197792	0.141735	-0.125939
OUT129 IP 129	34	0.444128	-0.0805424	-0.157032
OUT129 IP 129	35	-0.454812	-0.462457	-0.285992
OUT129 IP 129	36	-0.146707	-0.186191	0.0944843
OUT129 IP 129	37	0.0410198	-1.55073	-1.01236
OUT129 IP 129	38	-0.189224	-0.31611	-0.365534
OUT129 IP 129	39	-0.250868	0.293846	0.0890035
OUT129 IP 129	40	-0.144264	-0.386913	0.366245
OUT129 IP 129	41	0.281888	0.150369	-0.302586
OUT129 IP 129	42	0.829496	-0.0920956	-0.43117
OUT129 IP 129	43	0.303569	-0.00421588	-0.207856
OUT129 IP 129	44	0.847216	-0.137271	-0.174619
OUT129 IP 129	45	-0.033575	-0.274213	0.164774
OUT129 IP 129	46	-0.349134	-0.30162	0.138046
OUT129 IP 129	47	-0.166682	-0.00347948	-0.0883212
OUT129 IP 129	48	-0.643524	-0.269367	0.0675204
OUT129 IP 129	49	0.202119	-0.0658442	0.171148
OUT129 IP 129	50	-0.227855	-0.178376	0.173461
OUT129 JetStat	129	3	3	0	0
OUT129 JET 129	0	9.29419	-3.86166	-1.88384	
OUT129 CON	129	0	6	0	0	
OUT129 CON	129	0	34	0	0	
OUT129 CON	129	0	44	0	0	
OUT129 CON	129	0	10	0	0	
OUT129 CON	129	0	26	0	0	
OUT129 CON	129	0	7	0	0	
OUT129 CON	129	0	11	0	0	
OUT129 JET 129	1	-7.3137	-3.2498	2.9257	
OUT129 CON	129	1	50	0	0	
OUT129 CON	129	1	46	0	0	
OUT129 CON	129	1	31	0	0	
OUT129 CON	129	1	23	0	0	
OUT129 CON	129	1	48	0	0	
OUT129 CON	129	1	28	0	0	
OUT129 CON	129	1	29	0	0	
OUT129 JET 129	2	0.112423	3.31517	1.40219	
OUT129 CON	129	2	22	0	0	
OUT129 CON	129	2	19	0	0	
OUT129 CON	129	2	25	0	0	
OUT129 CON	129	2	16	0	0	
OUT129 CON	129	2	2	0	0	
OUT129 CON	129	2	18	0	0	
OUT129 END	129	0	0	0	0
