OUT22 START	22	0	0	0	0
OUT22 LP	22	0	-0.326186	3.66469	-0.689324
OUT22 IP 22	0	0.191947	-0.703295	-0.596041
OUT22 IP 22	1	-0.617513	0.266495	0.502024
OUT22 IP 22	2	-0.132914	0.359187	-0.218067
OUT22 IP 22	3	0.0133108	0.559338	0.217773
OUT22 IP 22	4	-0.387117	-0.847241	0.0824712
OUT22 IP 22	5	0.0423537	0.421903	-0.0684071
OUT22 IP 22	6	0.490917	0.176405	-0.402259
OUT22 IP 22	7	-0.14535	0.190823	0.139536
OUT22 IP 22	8	0.67739	0.86217	0.862924
OUT22 IP 22	9	-0.288906	-0.0287989	-0.0593511
OUT22 IP 22	10	-0.6879	-0.127882	0.300309
OUT22 IP 22	11	-0.312695	1.50682	-0.559424
OUT22 IP 22	12	0.34163	1.56231	-0.181425
OUT22 IP 22	13	-0.55172	1.36121	-0.0636834
OUT22 IP 22	14	-0.326186	3.66469	-0.689324
OUT22 IP 22	15	-0.64495	0.860003	0.081738
OUT22 IP 22	16	-0.351939	-0.265468	-0.00825092
OUT22 IP 22	17	0.0780559	-0.194955	0.178289
OUT22 IP 22	18	0.243471	-0.0647913	-0.230363
OUT22 IP 22	19	-0.148891	-0.195131	-0.244685
OUT22 IP 22	20	-0.310927	-0.488868	-0.0349165
OUT22 IP 22	21	-0.452497	0.0801189	0.0360324
OUT22 IP 22	22	-0.0482165	0.337483	-0.17477
OUT22 IP 22	23	-0.418292	1.04178	-0.0721033
OUT22 IP 22	24	-0.136969	0.192348	0.0139019
OUT22 IP 22	25	0.0517252	1.06561	-0.0498362
OUT22 IP 22	26	0.110241	0.160721	-0.0166429
OUT22 JetStat	22	1	1	0	0
OUT22 JET 22	0	-1.24311	11.1716	-1.84389	
OUT22 CON	22	0	13	0	0	
OUT22 CON	22	0	23	0	0	
OUT22 CON	22	0	12	0	0	
OUT22 CON	22	0	22	0	0	
OUT22 CON	22	0	11	0	0	
OUT22 CON	22	0	25	0	0	
OUT22 CON	22	0	5	0	0	
OUT22 CON	22	0	14	0	0	
OUT22 END	22	0	0	0	0
