OUT274 START	274	0	0	0	0
OUT274 LP	274	0	-5.62874	8.16719	7.5399
OUT274 IP 274	0	-5.62874	8.16719	7.5399
OUT274 IP 274	1	-1.02368	1.22837	0.965236
OUT274 IP 274	2	0.0764817	0.994768	-0.235668
OUT274 IP 274	3	-0.345869	0.0837803	-0.0424974
OUT274 IP 274	4	0.262799	0.165407	0.118212
OUT274 IP 274	5	-0.465101	0.0383661	-0.126526
OUT274 IP 274	6	0.0672439	0.242757	0.0203416
OUT274 IP 274	7	-0.0831048	0.520294	0.347711
OUT274 IP 274	8	-0.320616	0.575667	0.0180622
OUT274 IP 274	9	-0.589154	2.00705	-0.603857
OUT274 IP 274	10	-1.58312	-0.0459873	-0.392779
OUT274 IP 274	11	-2.04652	-1.31866	-1.39546
OUT274 IP 274	12	-0.367861	1.35853	0.980551
OUT274 IP 274	13	-0.311057	-0.030923	0.269571
OUT274 IP 274	14	0.183186	0.132395	0.030402
OUT274 IP 274	15	-0.352303	0.15877	-0.0795933
OUT274 IP 274	16	0.315138	-0.190109	-0.0318474
OUT274 IP 274	17	0.377374	-0.536074	0.203525
OUT274 IP 274	18	0.327277	-0.0986942	-0.288014
OUT274 IP 274	19	0.190472	-0.324826	-0.176258
OUT274 IP 274	20	-0.0553311	-0.583818	0.0871248
OUT274 IP 274	21	-0.16125	0.233537	0.232822
OUT274 IP 274	22	0.792427	0.336504	0.653605
OUT274 IP 274	23	0.205586	-0.207583	0.00424357
OUT274 IP 274	24	0.958238	-0.644135	1.05922
OUT274 IP 274	25	-0.41323	-0.235046	0.0494182
OUT274 IP 274	26	-0.482406	0.616012	0.573817
OUT274 IP 274	27	-0.124689	1.73893	0.173091
OUT274 IP 274	28	-0.524279	0.225991	0.10162
OUT274 IP 274	29	-1.97458	-0.678343	-1.66243
OUT274 IP 274	30	-0.232224	-0.461063	-0.332594
OUT274 IP 274	31	-0.117943	0.120478	0.128875
OUT274 IP 274	32	0.430873	0.367002	0.255185
OUT274 JetStat	274	3	3	0	0
OUT274 JET 274	0	-7.82488	11.8018	10.4121	
OUT274 CON	274	0	12	0	0	
OUT274 CON	274	0	31	0	0	
OUT274 CON	274	0	1	0	0	
OUT274 CON	274	0	26	0	0	
OUT274 CON	274	0	0	0	0	
OUT274 CON	274	0	21	0	0	
OUT274 JET 274	1	-0.643557	4.78978	-0.658512	
OUT274 CON	274	1	27	0	0	
OUT274 CON	274	1	2	0	0	
OUT274 CON	274	1	9	0	0	
OUT274 JET 274	2	-4.05051	-2.01137	-3.04495	
OUT274 CON	274	2	11	0	0	
OUT274 CON	274	2	29	0	0	
OUT274 END	274	0	0	0	0
