OUT252 START	252	0	0	0	0
OUT252 LP	252	0	-9.24319	-1.77975	-4.06593
OUT252 IP 252	0	2.60972	4.85109	2.3777
OUT252 IP 252	1	-0.278562	-0.143356	-0.0451714
OUT252 IP 252	2	-0.0144343	-0.98474	0.965801
OUT252 IP 252	3	-0.632271	-0.0153338	-0.226691
OUT252 IP 252	4	0.609569	1.68342	1.6691
OUT252 IP 252	5	-9.24319	-1.77975	-4.06593
OUT252 IP 252	6	0.336267	0.522746	0.592841
OUT252 IP 252	7	0.269056	0.504495	0.314656
OUT252 IP 252	8	-0.617036	-0.258047	-0.0212406
OUT252 IP 252	9	0.22781	-0.0190787	0.129435
OUT252 IP 252	10	1.80803	1.6699	1.51768
OUT252 IP 252	11	0.240678	0.129517	0.149493
OUT252 IP 252	12	0.464328	0.342589	-0.131397
OUT252 IP 252	13	1.45905	1.19515	0.873699
OUT252 IP 252	14	0.494959	0.39213	-0.306916
OUT252 IP 252	15	-0.0111087	0.221858	-0.219696
OUT252 IP 252	16	-0.832516	-0.457769	-0.89886
OUT252 IP 252	17	0.181496	-0.214112	0.178041
OUT252 IP 252	18	0.0472175	-0.225091	-0.0560372
OUT252 JetStat	252	2	2	0	0
OUT252 JET 252	0	6.84258	9.02087	5.78656	
OUT252 CON	252	0	6	0	0	
OUT252 CON	252	0	0	0	0	
OUT252 CON	252	0	7	0	0	
OUT252 CON	252	0	11	0	0	
OUT252 CON	252	0	10	0	0	
OUT252 CON	252	0	13	0	0	
OUT252 JET 252	1	-9.88355	-1.79615	-4.29206	
OUT252 CON	252	1	3	0	0	
OUT252 CON	252	1	5	0	0	
OUT252 END	252	0	0	0	0
