OUT105 START	105	0	0	0	0
OUT105 LP	105	0	-7.59306	1.9887	5.67269
OUT105 IP 105	0	1.36904	-0.0573119	0.0195693
OUT105 IP 105	1	1.13605	-0.379471	1.19212
OUT105 IP 105	2	1.36217	1.51497	0.475722
OUT105 IP 105	3	0.998464	-0.300637	-0.264066
OUT105 IP 105	4	-0.219122	1.03216	-0.329708
OUT105 IP 105	5	-0.280215	-0.186602	-0.334945
OUT105 IP 105	6	0.0707691	-0.210348	-0.0134736
OUT105 IP 105	7	0.00487288	0.313331	0.18919
OUT105 IP 105	8	1.5172	1.96494	2.5183
OUT105 IP 105	9	0.899993	1.03015	0.728449
OUT105 IP 105	10	-0.097607	1.10226	0.915695
OUT105 IP 105	11	0.361118	0.136833	0.245817
OUT105 IP 105	12	1.16644	0.431349	0.778298
OUT105 IP 105	13	0.336978	0.0135143	-0.0454882
OUT105 IP 105	14	-0.0662941	0.149566	-0.125297
OUT105 IP 105	15	-1.44784	0.338306	0.641914
OUT105 IP 105	16	-0.702105	0.239149	0.28097
OUT105 IP 105	17	0.212137	0.0268723	0.055346
OUT105 IP 105	18	0.420978	0.288765	0.466678
OUT105 IP 105	19	-0.499601	0.0718131	0.49421
OUT105 IP 105	20	-7.59306	1.9887	5.67269
OUT105 JetStat	105	2	2	0	0
OUT105 JET 105	0	-10.2481	2.63931	7.04067	
OUT105 CON	105	0	16	0	0	
OUT105 CON	105	0	15	0	0	
OUT105 CON	105	0	19	0	0	
OUT105 CON	105	0	20	0	0	
OUT105 JET 105	1	2.85264	3.29851	3.66228	
OUT105 CON	105	1	9	0	0	
OUT105 CON	105	1	8	0	0	
OUT105 CON	105	1	18	0	0	
OUT105 END	105	0	0	0	0
