OUT259 START	259	0	0	0	0
OUT259 LP	259	0	2.55649	-2.58564	0.766742
OUT259 IP 259	0	0.0881027	1.44094	-0.629473
OUT259 IP 259	1	0.714324	-0.380657	-0.0646439
OUT259 IP 259	2	2.26756	-2.29012	0.459715
OUT259 IP 259	3	-0.800518	0.164809	0.383391
OUT259 IP 259	4	-0.609452	0.159311	0.490441
OUT259 IP 259	5	0.073636	-0.230546	0.0635789
OUT259 IP 259	6	0.239863	0.309875	-0.0974101
OUT259 IP 259	7	1.20961	-0.672646	0.492676
OUT259 IP 259	8	0.157985	-0.119463	0.00845013
OUT259 IP 259	9	0.512011	-0.52455	-0.236429
OUT259 IP 259	10	-2.33201	0.263429	-2.33783
OUT259 IP 259	11	0.0974996	-0.790148	-0.222407
OUT259 IP 259	12	0.123654	-0.563514	0.139815
OUT259 IP 259	13	2.55649	-2.58564	0.766742
OUT259 IP 259	14	0.225187	-0.121566	-0.193421
OUT259 IP 259	15	0.366939	0.0864734	-0.080019
OUT259 IP 259	16	0.141174	-0.343138	0.0662283
OUT259 IP 259	17	0.0355465	0.273807	0.132602
OUT259 IP 259	18	-0.158831	-0.0451705	-0.0169674
OUT259 IP 259	19	0.684004	-0.302684	0.495156
OUT259 IP 259	20	-0.640807	-0.0850284	0.0592547
OUT259 IP 259	21	0.57545	-0.541904	-0.0831947
OUT259 IP 259	22	0.552637	0.00503279	-0.254289
OUT259 IP 259	23	0.0866895	-0.187279	-0.182911
OUT259 IP 259	24	0.994447	0.626782	0.139095
OUT259 IP 259	25	0.0279632	0.26604	0.26333
OUT259 IP 259	26	0.0922441	1.26985	0.143409
OUT259 IP 259	27	0.617964	0.100137	0.131555
OUT259 IP 259	28	-0.10275	0.15323	-0.12314
OUT259 IP 259	29	-0.156711	0.506191	-0.0850389
OUT259 IP 259	30	0.0580026	-0.200831	-0.037757
OUT259 IP 259	31	-0.208554	-0.187189	0.256755
OUT259 IP 259	32	0.200377	-1.38544	1.26576
OUT259 IP 259	33	-0.0588295	0.227474	0.14832
OUT259 IP 259	34	-0.192257	-0.196623	0.0688259
OUT259 IP 259	35	-0.256223	-0.288507	0.281674
OUT259 IP 259	36	-0.503215	-0.205643	0.535047
OUT259 IP 259	37	0.330458	-0.356655	0.158726
OUT259 IP 259	38	-0.413467	0.0518235	0.303267
OUT259 IP 259	39	-0.409751	0.172248	-0.448229
OUT259 IP 259	40	-0.598784	0.017522	-0.47722
OUT259 IP 259	41	0.120818	-0.68391	-0.310246
OUT259 JetStat	259	2	2	0	0
OUT259 JET 259	0	7.86903	-6.99273	1.72668	
OUT259 CON	259	0	1	0	0	
OUT259 CON	259	0	7	0	0	
OUT259 CON	259	0	21	0	0	
OUT259 CON	259	0	8	0	0	
OUT259 CON	259	0	37	0	0	
OUT259 CON	259	0	2	0	0	
OUT259 CON	259	0	13	0	0	
OUT259 JET 259	1	-3.35943	0.456994	-3.25818	
OUT259 CON	259	1	39	0	0	
OUT259 CON	259	1	10	0	0	
OUT259 CON	259	1	40	0	0	
OUT259 END	259	0	0	0	0
