OUT156 START	156	0	0	0	0
OUT156 LP	156	0	2.21076	4.06523	-2.7316
OUT156 IP 156	0	2.21076	4.06523	-2.7316
OUT156 IP 156	1	1.75114	3.49935	-1.67238
OUT156 IP 156	2	0.973467	-0.595851	-0.705251
OUT156 IP 156	3	0.370617	-0.844906	-0.883856
OUT156 IP 156	4	-0.402177	0.541374	-0.374353
OUT156 IP 156	5	0.578582	-0.0475431	-0.170455
OUT156 IP 156	6	0.0835293	-0.136655	0.0953022
OUT156 IP 156	7	0.301982	0.528929	-0.558273
OUT156 IP 156	8	-0.0634903	-0.560959	-0.362617
OUT156 IP 156	9	0.221464	-0.117294	-0.191717
OUT156 IP 156	10	0.29372	0.084762	0.00910194
OUT156 IP 156	11	0.0917372	0.982346	0.0509002
OUT156 IP 156	12	0.287891	0.918947	-0.469817
OUT156 IP 156	13	0.0450647	0.22068	-0.126981
OUT156 IP 156	14	-0.261036	-0.22495	-0.244991
OUT156 IP 156	15	1.02967	-1.01621	0.984426
OUT156 IP 156	16	0.0723926	-0.293242	0.0519634
OUT156 JetStat	156	1	1	0	0
OUT156 JET 156	0	4.60627	9.25487	-5.52735	
OUT156 CON	156	0	7	0	0	
OUT156 CON	156	0	13	0	0	
OUT156 CON	156	0	12	0	0	
OUT156 CON	156	0	0	0	0	
OUT156 CON	156	0	1	0	0	
OUT156 END	156	0	0	0	0
