OUT215 START	215	0	0	0	0
OUT215 LP	215	0	-0.413226	-3.75949	1.73974
OUT215 IP 215	0	-0.717429	-0.0335483	0.0427647
OUT215 IP 215	1	0.384581	-0.0586282	0.0908749
OUT215 IP 215	2	-0.373721	-3.15872	0.699652
OUT215 IP 215	3	-0.361736	0.286214	0.350884
OUT215 IP 215	4	-0.00456051	-0.801971	0.736792
OUT215 IP 215	5	1.14377	1.3975	1.8149
OUT215 IP 215	6	-0.135346	2.78117	1.08258
OUT215 IP 215	7	0.388808	0.924688	0.998068
OUT215 IP 215	8	-0.365425	-0.200506	-0.281388
OUT215 IP 215	9	-0.828821	-3.25159	1.41467
OUT215 IP 215	10	-0.413226	-3.75949	1.73974
OUT215 IP 215	11	-0.279966	-0.875732	0.574513
OUT215 IP 215	12	0.0529494	-1.20858	0.543144
OUT215 IP 215	13	-0.335984	-0.471088	0.104696
OUT215 IP 215	14	-0.691131	-0.0921889	0.254362
OUT215 IP 215	15	0.00952233	0.234955	-0.195291
OUT215 IP 215	16	-0.251258	1.76771	1.12673
OUT215 IP 215	17	0.0740177	1.60005	0.53115
OUT215 IP 215	18	0.360864	1.27826	0.418166
OUT215 JetStat	215	2	2	0	0
OUT215 JET 215	0	-1.85076	-12.3092	4.94391	
OUT215 CON	215	0	2	0	0	
OUT215 CON	215	0	12	0	0	
OUT215 CON	215	0	11	0	0	
OUT215 CON	215	0	9	0	0	
OUT215 CON	215	0	10	0	0	
OUT215 JET 215	1	0.0520071	7.49974	3.13832	
OUT215 CON	215	1	18	0	0	
OUT215 CON	215	1	16	0	0	
OUT215 CON	215	1	6	0	0	
OUT215 CON	215	1	17	0	0	
OUT215 END	215	0	0	0	0
