OUT147 START	147	0	0	0	0
OUT147 LP	147	0	3.23193	-1.35163	2.41964
OUT147 IP 147	0	-0.290595	-0.704737	-0.664351
OUT147 IP 147	1	1.1641	0.233875	-0.00715355
OUT147 IP 147	2	0.148288	0.291978	0.0338523
OUT147 IP 147	3	0.0406498	-0.502951	0.02601
OUT147 IP 147	4	0.49905	0.138329	-0.436397
OUT147 IP 147	5	-1.00943	0.249752	-0.736133
OUT147 IP 147	6	-1.69039	1.22567	0.734893
OUT147 IP 147	7	-0.481302	-0.221029	0.067954
OUT147 IP 147	8	-1.01698	0.452675	0.72993
OUT147 IP 147	9	0.643923	-0.432191	0.123337
OUT147 IP 147	10	-0.177968	-0.0145859	-0.0621967
OUT147 IP 147	11	1.14159	0.0844391	0.895192
OUT147 IP 147	12	0.632532	-0.0704194	0.108192
OUT147 IP 147	13	1.69995	-0.772024	0.96228
OUT147 IP 147	14	1.84933	-1.03066	0.554525
OUT147 IP 147	15	0.718824	-0.267225	0.651368
OUT147 IP 147	16	2.05858	-0.82458	0.23592
OUT147 IP 147	17	0.740572	-0.126506	0.167893
OUT147 IP 147	18	0.683355	-0.7411	0.570367
OUT147 IP 147	19	0.643351	-0.810721	-0.124523
OUT147 IP 147	20	-0.862452	-0.569219	-0.367753
OUT147 IP 147	21	0.0539892	-0.364007	-0.0508496
OUT147 IP 147	22	0.0566921	-0.260856	-0.209334
OUT147 IP 147	23	-0.0268804	0.239511	0.142208
OUT147 IP 147	24	0.347693	-0.276265	-0.102434
OUT147 IP 147	25	0.359186	0.0260038	-0.0612745
OUT147 IP 147	26	-0.840005	0.432912	-0.541765
OUT147 IP 147	27	-0.44884	0.476218	-0.167925
OUT147 IP 147	28	-1.24488	0.310041	0.455641
OUT147 IP 147	29	-2.82068	1.54563	0.384467
OUT147 IP 147	30	-0.47596	0.0375712	0.45023
OUT147 IP 147	31	-1.05492	0.741797	0.981908
OUT147 IP 147	32	0.253607	0.115365	0.0787891
OUT147 IP 147	33	0.534908	0.289919	-0.145944
OUT147 IP 147	34	0.0293224	-0.328893	-0.142563
OUT147 IP 147	35	0.320852	0.18362	0.239216
OUT147 IP 147	36	0.133969	-0.573348	0.560614
OUT147 IP 147	37	-0.797479	0.384362	0.00255646
OUT147 IP 147	38	0.0333169	0.181077	0.02857
OUT147 IP 147	39	3.23193	-1.35163	2.41964
OUT147 IP 147	40	0.253566	-1.31048	-0.525465
OUT147 IP 147	41	1.29377	-0.791704	-1.37343
OUT147 IP 147	42	-0.827053	-0.231864	0.864352
OUT147 IP 147	43	-0.107709	0.374719	-0.00935262
OUT147 IP 147	44	-0.20382	0.205554	-0.132587
OUT147 IP 147	45	0.130068	-0.311052	0.25655
OUT147 IP 147	46	-1.34352	-0.208311	0.336221
OUT147 IP 147	47	-0.704869	0.429109	0.00109627
OUT147 JetStat	147	2	2	0	0
OUT147 JET 147	0	11.6455	-4.9018	5.08374	
OUT147 CON	147	0	12	0	0	
OUT147 CON	147	0	16	0	0	
OUT147 CON	147	0	9	0	0	
OUT147 CON	147	0	17	0	0	
OUT147 CON	147	0	14	0	0	
OUT147 CON	147	0	13	0	0	
OUT147 CON	147	0	15	0	0	
OUT147 CON	147	0	39	0	0	
OUT147 JET 147	1	-7.31275	3.92131	1.56339	
OUT147 CON	147	1	28	0	0	
OUT147 CON	147	1	6	0	0	
OUT147 CON	147	1	37	0	0	
OUT147 CON	147	1	29	0	0	
OUT147 CON	147	1	47	0	0	
OUT147 END	147	0	0	0	0
