OUT19 START	19	0	0	0	0
OUT19 LP	19	0	1.38343	6.71368	4.52693
OUT19 IP 19	0	0.109231	-0.956042	0.438832
OUT19 IP 19	1	0.476892	-0.309182	0.451727
OUT19 IP 19	2	0.317151	-1.68191	0.733502
OUT19 IP 19	3	-0.303692	0.0457348	-0.0334126
OUT19 IP 19	4	0.0572035	0.579636	0.434074
OUT19 IP 19	5	0.408898	-0.553909	-0.685837
OUT19 IP 19	6	0.157118	-0.0965127	-0.148227
OUT19 IP 19	7	-0.152691	-0.0486539	-0.162251
OUT19 IP 19	8	0.310199	-0.664019	0.448971
OUT19 IP 19	9	-0.908965	-2.60469	-0.327721
OUT19 IP 19	10	0.119617	0.327054	0.0871406
OUT19 IP 19	11	0.690322	0.607873	-0.397715
OUT19 IP 19	12	-0.255514	0.068412	0.0568061
OUT19 IP 19	13	-1.88536	-0.143165	-1.77529
OUT19 IP 19	14	-0.477065	0.069664	0.0892126
OUT19 IP 19	15	-0.0141351	0.516504	0.0767172
OUT19 IP 19	16	0.149862	0.386195	0.0116663
OUT19 IP 19	17	-0.199799	1.07309	0.898347
OUT19 IP 19	18	-0.605725	1.57956	0.469103
OUT19 IP 19	19	1.38343	6.71368	4.52693
OUT19 IP 19	20	-0.00776966	-0.962266	0.566619
OUT19 IP 19	21	0.227806	0.0945961	-0.137903
OUT19 IP 19	22	0.166193	-0.505162	0.544639
OUT19 IP 19	23	0.462999	0.791556	-0.681022
OUT19 IP 19	24	1.2056	2.22414	2.40819
OUT19 IP 19	25	0.429135	0.343815	0.552662
OUT19 IP 19	26	-0.39919	-0.324936	0.503871
OUT19 IP 19	27	-0.354673	0.10446	-0.00270792
OUT19 IP 19	28	0.172725	0.134598	0.091328
OUT19 IP 19	29	-0.204899	-0.455192	-0.465917
OUT19 IP 19	30	0.305201	-0.174184	-0.137322
OUT19 IP 19	31	-0.00363261	-0.323554	0.0322398
OUT19 IP 19	32	0.159301	0.07033	0.0838452
OUT19 IP 19	33	0.930117	-1.41529	0.360799
OUT19 IP 19	34	0.183105	-0.236517	0.196879
OUT19 IP 19	35	0.833634	-0.258674	-0.694609
OUT19 IP 19	36	-0.787783	0.0593215	-0.65642
OUT19 IP 19	37	-0.0471384	0.462798	-0.474013
OUT19 IP 19	38	-0.310445	0.0727128	0.0149243
OUT19 IP 19	39	-0.243154	0.32002	-0.213755
OUT19 IP 19	40	-0.185884	0.0565707	0.0554718
OUT19 IP 19	41	0.119027	0.273223	0.0518344
OUT19 IP 19	42	0.219276	0.29212	0.254413
OUT19 IP 19	43	-0.0989707	0.318052	0.155237
OUT19 IP 19	44	0.0396414	-0.222724	0.184292
OUT19 IP 19	45	0.170814	-0.206555	0.0210319
OUT19 IP 19	46	-0.225848	0.250586	-0.116033
OUT19 IP 19	47	-0.138386	0.246056	0.100223
OUT19 IP 19	48	0.0663438	0.493421	0.342968
OUT19 IP 19	49	-0.144285	-0.179252	0.204755
OUT19 JetStat	19	3	3	0	0
OUT19 JET 19	0	2.97012	10.4149	7.92908	
OUT19 CON	19	0	42	0	0	
OUT19 CON	19	0	24	0	0	
OUT19 CON	19	0	4	0	0	
OUT19 CON	19	0	19	0	0	
OUT19 CON	19	0	48	0	0	
OUT19 JET 19	1	0.777084	-4.52905	2.36217	
OUT19 CON	19	1	8	0	0	
OUT19 CON	19	1	44	0	0	
OUT19 CON	19	1	20	0	0	
OUT19 CON	19	1	0	0	0	
OUT19 CON	19	1	2	0	0	
OUT19 JET 19	2	-0.915861	-2.9431	-0.295218	
OUT19 CON	19	2	9	0	0	
OUT19 CON	19	2	31	0	0	
OUT19 END	19	0	0	0	0
