OUT297 START	297	0	0	0	0
OUT297 LP	297	0	-4.2304	-2.46356	1.50116
OUT297 IP 297	0	-0.25636	0.193236	0.00805193
OUT297 IP 297	1	0.775517	-0.544237	-0.0794581
OUT297 IP 297	2	-1.87774	-1.41475	0.35082
OUT297 IP 297	3	-0.317125	-0.276303	0.191149
OUT297 IP 297	4	-0.20839	-0.605454	0.308578
OUT297 IP 297	5	-4.2304	-2.46356	1.50116
OUT297 IP 297	6	-1.43163	0.254629	0.427997
OUT297 IP 297	7	0.231642	-0.505618	-0.0627776
OUT297 IP 297	8	-0.416119	-0.138809	0.0116044
OUT297 IP 297	9	-0.152508	-0.315991	-0.0716322
OUT297 IP 297	10	-1.20442	-0.336763	-0.248642
OUT297 IP 297	11	-0.26212	0.268318	0.296204
OUT297 IP 297	12	-0.847119	0.115283	-0.571769
OUT297 IP 297	13	-1.20859	0.252592	0.321465
OUT297 IP 297	14	0.358091	-0.0295211	-0.0878183
OUT297 IP 297	15	0.225553	0.141627	0.0607629
OUT297 IP 297	16	-1.6282	-0.922161	0.967774
OUT297 IP 297	17	-1.42833	-1.50296	1.14007
OUT297 JetStat	297	1	1	0	0
OUT297 JET 297	0	-9.53843	-6.62197	4.11311	
OUT297 CON	297	0	17	0	0	
OUT297 CON	297	0	16	0	0	
OUT297 CON	297	0	3	0	0	
OUT297 CON	297	0	2	0	0	
OUT297 CON	297	0	5	0	0	
OUT297 END	297	0	0	0	0
