OUT261 START	261	0	0	0	0
OUT261 LP	261	0	4.65946	0.409062	1.07798
OUT261 IP 261	0	-0.13585	-0.161255	-0.012261
OUT261 IP 261	1	0.665344	0.32083	0.442659
OUT261 IP 261	2	0.528746	0.35764	0.36192
OUT261 IP 261	3	4.65946	0.409062	1.07798
OUT261 IP 261	4	2.00298	-0.0490725	-0.365612
OUT261 IP 261	5	1.65666	0.00488693	0.231249
OUT261 IP 261	6	2.62985	0.484896	0.0957127
OUT261 IP 261	7	-0.463863	0.427891	-0.248489
OUT261 IP 261	8	0.546802	0.533135	-0.298747
OUT261 IP 261	9	-0.416616	0.398631	-0.206889
OUT261 IP 261	10	-1.06959	-0.0505626	1.09065
OUT261 IP 261	11	-0.463982	-0.10382	-0.281615
OUT261 JetStat	261	1	1	0	0
OUT261 JET 261	0	10.9788	0.852136	1.03275	
OUT261 CON	261	0	4	0	0	
OUT261 CON	261	0	6	0	0	
OUT261 CON	261	0	3	0	0	
OUT261 CON	261	0	5	0	0	
OUT261 END	261	0	0	0	0
