OUT220 START	220	0	0	0	0
OUT220 LP	220	0	3.95937	5.06119	-6.31521
OUT220 IP 220	0	0.741409	0.125887	-0.214853
OUT220 IP 220	1	-0.130187	0.574944	0.438867
OUT220 IP 220	2	0.464206	0.462174	-0.375961
OUT220 IP 220	3	-0.126471	0.141915	0.0070953
OUT220 IP 220	4	3.95937	5.06119	-6.31521
OUT220 IP 220	5	1.88686	3.22391	-3.37234
OUT220 IP 220	6	0.86043	0.12518	-0.347652
OUT220 IP 220	7	-0.0643284	0.189626	-0.00527648
OUT220 IP 220	8	-0.201974	0.0842169	-0.22218
OUT220 IP 220	9	0.97277	-1.29699	1.20408
OUT220 IP 220	10	-0.044934	-0.396763	-0.1121
OUT220 IP 220	11	-1.21175	-1.2476	-0.598043
OUT220 IP 220	12	-0.160396	-0.169155	0.0455758
OUT220 IP 220	13	0.28744	-0.225881	-0.0791676
OUT220 IP 220	14	-0.189733	-0.10231	-0.096786
OUT220 IP 220	15	-0.0142463	0.209392	0.155113
OUT220 IP 220	16	0.611351	1.97167	-0.679761
OUT220 IP 220	17	0.570861	-0.0412666	0.409659
OUT220 IP 220	18	-0.41096	-0.274537	-0.471268
OUT220 IP 220	19	0.39891	-0.102929	-0.057209
OUT220 IP 220	20	0.255398	-0.0928177	-0.150637
OUT220 IP 220	21	0.493183	-0.404212	-0.502833
OUT220 IP 220	22	0.217466	-1.31707	-0.011169
OUT220 IP 220	23	-0.0249924	-0.404255	-0.217704
OUT220 IP 220	24	-0.413515	-1.35073	0.673932
OUT220 IP 220	25	-0.186119	0.14391	0.023479
OUT220 IP 220	26	-0.402921	-0.256391	0.337036
OUT220 IP 220	27	0.00029037	0.430567	0.241316
OUT220 IP 220	28	0.233852	0.968726	0.0807979
OUT220 IP 220	29	0.139597	0.567531	-0.203121
OUT220 IP 220	30	0.824826	-0.657389	1.05672
OUT220 IP 220	31	0.505001	-0.0932891	0.425586
OUT220 IP 220	32	0.447961	-0.895732	-0.177712
OUT220 IP 220	33	-0.446091	0.0864045	0.0791692
OUT220 IP 220	34	0.351727	0.0549637	0.298044
OUT220 JetStat	220	1	1	0	0
OUT220 JET 220	0	6.32828	8.77202	-10.037	
OUT220 CON	220	0	2	0	0	
OUT220 CON	220	0	4	0	0	
OUT220 CON	220	0	5	0	0	
OUT220 END	220	0	0	0	0
