OUT131 START	131	0	0	0	0
OUT131 LP	131	0	1.57737	1.45665	0.626978
OUT131 IP 131	0	0.751079	-0.951722	0.347057
OUT131 IP 131	1	1.73489	0.830903	0.781105
OUT131 IP 131	2	0.471968	0.55108	0.505877
OUT131 IP 131	3	0.0989129	-0.254513	-0.0226805
OUT131 IP 131	4	0.347683	-0.0197215	0.246778
OUT131 IP 131	5	-0.211385	-0.119376	-0.0185974
OUT131 IP 131	6	-0.434253	-0.66221	-0.120737
OUT131 IP 131	7	-0.586833	0.10625	0.273476
OUT131 IP 131	8	0.215214	-0.306175	-0.182772
OUT131 IP 131	9	0.494936	-0.192766	0.475023
OUT131 IP 131	10	0.0185185	-0.304862	-0.0258145
OUT131 IP 131	11	0.0550876	-0.56793	-0.054327
OUT131 IP 131	12	-0.0401371	0.321502	0.0177704
OUT131 IP 131	13	0.110783	-1.18162	-0.0271521
OUT131 IP 131	14	2.25837	1.30772	0.326459
OUT131 IP 131	15	0.0669713	0.254448	0.0189299
OUT131 IP 131	16	1.52196	1.76493	1.25726
OUT131 IP 131	17	-0.0124687	0.162679	0.033911
OUT131 IP 131	18	0.746155	0.704186	0.200996
OUT131 IP 131	19	-0.0678364	0.163487	0.132655
OUT131 IP 131	20	0.629222	0.405756	-0.655131
OUT131 IP 131	21	0.270173	-0.0575365	0.266488
OUT131 IP 131	22	0.17379	0.118034	0.0714909
OUT131 IP 131	23	0.212792	-0.119316	0.125508
OUT131 IP 131	24	-0.22338	0.0701543	0.0709759
OUT131 IP 131	25	0.0963851	-0.395574	0.158849
OUT131 IP 131	26	-0.269133	-0.276834	0.260805
OUT131 IP 131	27	0.208006	0.281753	-0.121203
OUT131 IP 131	28	-0.248122	-0.247827	0.199153
OUT131 IP 131	29	1.57737	1.45665	0.626978
OUT131 IP 131	30	0.770786	0.738658	0.575774
OUT131 IP 131	31	0.317529	-0.210039	0.124846
OUT131 JetStat	131	1	1	0	0
OUT131 JET 131	0	9.36954	7.5614	4.28676	
OUT131 CON	131	0	14	0	0	
OUT131 CON	131	0	1	0	0	
OUT131 CON	131	0	2	0	0	
OUT131 CON	131	0	16	0	0	
OUT131 CON	131	0	30	0	0	
OUT131 CON	131	0	22	0	0	
OUT131 CON	131	0	18	0	0	
OUT131 CON	131	0	29	0	0	
OUT131 END	131	0	0	0	0
