OUT198 START	198	0	0	0	0
OUT198 LP	198	0	-1.9605	-2.55888	-2.6446
OUT198 IP 198	0	0.258463	0.743591	-0.238643
OUT198 IP 198	1	0.543527	1.37179	-0.266651
OUT198 IP 198	2	-2.61509	-0.790125	1.08794
OUT198 IP 198	3	-3.07645	-1.24927	-1.251
OUT198 IP 198	4	-1.15632	-1.36653	-1.30618
OUT198 IP 198	5	0.19214	-0.180267	0.0537816
OUT198 IP 198	6	-0.615858	-0.280922	-0.542682
OUT198 IP 198	7	0.132203	0.232759	-0.208812
OUT198 IP 198	8	1.06115	0.140653	-0.648639
OUT198 IP 198	9	0.514776	0.106379	0.439656
OUT198 IP 198	10	1.05395	0.301519	-0.509746
OUT198 IP 198	11	1.54873	0.242083	-0.554451
OUT198 IP 198	12	0.958399	-0.270313	-0.277216
OUT198 IP 198	13	2.43152	-1.02284	2.3407
OUT198 IP 198	14	-1.25084	-0.782791	-1.29706
OUT198 IP 198	15	-1.76839	-1.15483	-1.75608
OUT198 IP 198	16	-1.9605	-2.55888	-2.6446
OUT198 IP 198	17	-0.430344	0.982324	-0.282915
OUT198 IP 198	18	-0.343634	1.01641	0.660003
OUT198 IP 198	19	0.317	-0.167397	-0.201103
OUT198 IP 198	20	-0.052579	0.192259	0.0276321
OUT198 IP 198	21	0.437481	-0.439998	-0.192593
OUT198 IP 198	22	-0.0686914	0.630191	0.207168
OUT198 IP 198	23	0.281926	-0.0258039	-0.141602
OUT198 IP 198	24	0.292617	-0.0443322	-0.000860454
OUT198 IP 198	25	-1.88637	-0.928023	0.435437
OUT198 IP 198	26	0.0919724	-0.149082	0.0999842
OUT198 IP 198	27	1.07011	-0.608547	-0.115408
OUT198 IP 198	28	0.406607	-0.21805	-0.0371799
OUT198 IP 198	29	0.443926	0.00279814	0.0372749
OUT198 IP 198	30	1.70431	0.129413	-0.614681
OUT198 IP 198	31	1.04116	0.40307	-0.652618
OUT198 IP 198	32	0.686987	0.316764	0.106426
OUT198 IP 198	33	2.27693	0.716535	-1.7053
OUT198 IP 198	34	0.144233	-0.291634	0.00138603
OUT198 IP 198	35	-0.392007	-0.499562	-0.19807
OUT198 IP 198	36	1.53206	-1.80546	1.10752
OUT198 IP 198	37	0.295447	-0.0319997	0.215001
OUT198 IP 198	38	-1.03833	-1.03156	-0.700254
OUT198 IP 198	39	-0.436563	0.271453	-0.184935
OUT198 IP 198	40	0.330977	0.288299	-0.21868
OUT198 IP 198	41	-0.144796	0.427477	-0.0655803
OUT198 IP 198	42	-0.0220095	0.251628	-0.0142497
OUT198 IP 198	43	-1.55594	-0.273132	0.211135
OUT198 IP 198	44	0.182275	-0.13292	0.00223494
OUT198 IP 198	45	0.90128	0.0892188	-0.159111
OUT198 IP 198	46	-0.0114343	-0.356121	0.28606
OUT198 IP 198	47	-0.0140177	-0.795765	0.225395
OUT198 IP 198	48	0.174735	-0.17048	0.0248859
OUT198 IP 198	49	-0.436283	0.0547709	-0.413993
OUT198 IP 198	50	-1.07817	-0.139653	-0.491613
OUT198 IP 198	51	0.653506	0.46478	-0.389241
OUT198 IP 198	52	0.373581	-0.277127	0.0315294
OUT198 JetStat	198	5	5	0	0
OUT198 JET 198	0	-7.90328	-7.27506	-8.20803	
OUT198 CON	198	0	6	0	0	
OUT198 CON	198	0	14	0	0	
OUT198 CON	198	0	15	0	0	
OUT198 CON	198	0	38	0	0	
OUT198 CON	198	0	4	0	0	
OUT198 CON	198	0	16	0	0	
OUT198 JET 198	1	9.9345	2.00937	-4.92997	
OUT198 CON	198	1	45	0	0	
OUT198 CON	198	1	23	0	0	
OUT198 CON	198	1	11	0	0	
OUT198 CON	198	1	30	0	0	
OUT198 CON	198	1	8	0	0	
OUT198 CON	198	1	10	0	0	
OUT198 CON	198	1	31	0	0	
OUT198 CON	198	1	33	0	0	
OUT198 JET 198	2	-6.09302	-2.00317	1.72407	
OUT198 CON	198	2	43	0	0	
OUT198 CON	198	2	2	0	0	
OUT198 CON	198	2	25	0	0	
OUT198 JET 198	3	-4.18057	-1.39636	-1.74181	
OUT198 CON	198	3	3	0	0	
OUT198 CON	198	3	50	0	0	
OUT198 JET 198	4	3.65876	-2.1497	-0.55878	
OUT198 CON	198	4	12	0	0	
OUT198 CON	198	4	21	0	0	
OUT198 CON	198	4	48	0	0	
OUT198 CON	198	4	52	0	0	
OUT198 CON	198	4	44	0	0	
OUT198 CON	198	4	27	0	0	
OUT198 CON	198	4	28	0	0	
OUT198 END	198	0	0	0	0
