OUT255 START	255	0	0	0	0
OUT255 LP	255	0	1.2784	5.96291	-3.66376
OUT255 IP 255	0	0.671255	2.95314	-2.2056
OUT255 IP 255	1	-0.0855637	-0.206216	-0.0979357
OUT255 IP 255	2	0.261937	-0.265772	0.0477076
OUT255 IP 255	3	0.125445	-0.116452	0.149599
OUT255 IP 255	4	-0.259573	0.154687	-0.171042
OUT255 IP 255	5	0.0566482	0.54918	-0.184919
OUT255 IP 255	6	0.0467691	-0.2094	0.116828
OUT255 IP 255	7	0.106412	-0.40267	0.250418
OUT255 IP 255	8	0.155818	0.231024	-0.0844839
OUT255 IP 255	9	-0.0147673	0.733713	-0.226353
OUT255 IP 255	10	-0.47886	-0.0658174	-0.322319
OUT255 IP 255	11	0.174487	-0.796776	0.351614
OUT255 IP 255	12	1.2784	5.96291	-3.66376
OUT255 IP 255	13	0.194918	0.463753	-0.291068
OUT255 IP 255	14	1.27872	3.24452	-3.16256
OUT255 IP 255	15	-0.46693	-0.113453	0.211635
OUT255 IP 255	16	0.633003	0.109687	-0.49383
OUT255 JetStat	255	1	1	0	0
OUT255 JET 255	0	3.49185	13.2159	-9.44043	
OUT255 CON	255	0	5	0	0	
OUT255 CON	255	0	14	0	0	
OUT255 CON	255	0	13	0	0	
OUT255 CON	255	0	0	0	0	
OUT255 CON	255	0	12	0	0	
OUT255 END	255	0	0	0	0
