OUT20 START	20	0	0	0	0
OUT20 LP	20	0	-5.42457	-1.60523	-2.83229
OUT20 IP 20	0	-0.245485	-0.177995	-0.0637966
OUT20 IP 20	1	-0.1975	0.0346012	-0.0449165
OUT20 IP 20	2	-0.291199	-0.072206	-0.188439
OUT20 IP 20	3	0.522482	0.0296028	-0.0637
OUT20 IP 20	4	-5.42457	-1.60523	-2.83229
OUT20 IP 20	5	-1.88047	0.0628567	-1.15454
OUT20 IP 20	6	-1.35914	-0.810145	-0.183133
OUT20 IP 20	7	0.230808	0.200984	0.0374547
OUT20 IP 20	8	-0.124635	-0.481057	0.333507
OUT20 IP 20	9	0.221706	-0.331898	-0.0154995
OUT20 IP 20	10	-0.527393	-0.160314	-0.342973
OUT20 IP 20	11	-3.02544	-0.768232	-1.82032
OUT20 IP 20	12	-0.204018	0.41814	-0.209158
OUT20 IP 20	13	0.0725601	-0.391083	0.080738
OUT20 IP 20	14	-0.0304282	-0.445061	0.0171008
OUT20 IP 20	15	-0.427023	-0.294572	0.0244258
OUT20 IP 20	16	0.0767526	0.189512	-0.1629
OUT20 IP 20	17	-0.18046	0.0946388	-0.0151959
OUT20 JetStat	20	1	1	0	0
OUT20 JET 20	0	-11.2242	-2.55506	-6.33233	
OUT20 CON	20	0	5	0	0	
OUT20 CON	20	0	10	0	0	
OUT20 CON	20	0	4	0	0	
OUT20 CON	20	0	2	0	0	
OUT20 CON	20	0	11	0	0	
OUT20 END	20	0	0	0	0
