OUT54 START	54	0	0	0	0
OUT54 LP	54	0	1.16085	4.04085	0.53683
OUT54 IP 54	0	0.375272	-0.57783	0.16455
OUT54 IP 54	1	-0.210311	-0.301781	0.0867639
OUT54 IP 54	2	0.201367	-0.826461	-0.0688436
OUT54 IP 54	3	0.0990424	-0.412733	-0.323006
OUT54 IP 54	4	1.40942	2.86963	-0.274888
OUT54 IP 54	5	-0.0814643	-0.197146	-0.0426646
OUT54 IP 54	6	0.70899	1.14421	0.212652
OUT54 IP 54	7	0.530837	1.2448	-0.0981382
OUT54 IP 54	8	-0.153093	1.68395	-0.13501
OUT54 IP 54	9	0.0685516	0.561134	0.135986
OUT54 IP 54	10	0.637749	1.81558	-0.114835
OUT54 IP 54	11	1.16085	4.04085	0.53683
OUT54 IP 54	12	0.147625	0.449227	-0.0443742
OUT54 JetStat	54	1	1	0	0
OUT54 JET 54	0	4.68974	12.1923	0.35023	
OUT54 CON	54	0	9	0	0	
OUT54 CON	54	0	6	0	0	
OUT54 CON	54	0	11	0	0	
OUT54 CON	54	0	4	0	0	
OUT54 CON	54	0	7	0	0	
OUT54 CON	54	0	10	0	0	
OUT54 CON	54	0	12	0	0	
OUT54 END	54	0	0	0	0
