OUT40 START	40	0	0	0	0
OUT40 LP	40	0	-1.18681	4.79866	-1.64984
OUT40 IP 40	0	-0.346952	1.70725	-0.342739
OUT40 IP 40	1	-0.11966	0.227238	0.128778
OUT40 IP 40	2	-0.932975	0.99929	0.696479
OUT40 IP 40	3	0.119582	-0.278049	0.14699
OUT40 IP 40	4	3.66195	-1.69153	1.09198
OUT40 IP 40	5	-0.266694	-0.590617	0.0533313
OUT40 IP 40	6	0.187374	0.07605	0.0441636
OUT40 IP 40	7	0.798267	-0.419069	-0.0645298
OUT40 IP 40	8	1.32891	0.568958	-0.370289
OUT40 IP 40	9	0.631631	0.503293	-0.416041
OUT40 IP 40	10	1.18114	0.155025	0.0645651
OUT40 IP 40	11	0.336746	0.481938	0.326396
OUT40 IP 40	12	-0.149585	2.84866	-1.24772
OUT40 IP 40	13	-1.18681	4.79866	-1.64984
OUT40 IP 40	14	-0.839932	-0.377868	0.345345
OUT40 IP 40	15	-0.784355	-0.260077	0.232862
OUT40 IP 40	16	-0.469464	0.0222113	-0.3761
OUT40 IP 40	17	-0.646888	-0.261964	-0.22276
OUT40 IP 40	18	0.0631771	0.239307	0.168124
OUT40 IP 40	19	-0.077025	0.733807	-0.247828
OUT40 IP 40	20	-0.0977697	0.383694	-0.0428828
OUT40 IP 40	21	-0.788606	-0.296275	-0.0525641
OUT40 IP 40	22	-0.0624807	-0.189428	0.16899
OUT40 IP 40	23	-0.377147	-0.344617	0.335946
OUT40 IP 40	24	-0.356467	-0.225695	0.190319
OUT40 JetStat	40	2	2	0	0
OUT40 JET 40	0	-1.86381	10.5078	-3.51928	
OUT40 CON	40	0	12	0	0	
OUT40 CON	40	0	20	0	0	
OUT40 CON	40	0	0	0	0	
OUT40 CON	40	0	13	0	0	
OUT40 CON	40	0	19	0	0	
OUT40 JET 40	1	4.46107	-2.11102	1.02175	
OUT40 CON	40	1	4	0	0	
OUT40 CON	40	1	7	0	0	
OUT40 END	40	0	0	0	0
