OUT229 START	229	0	0	0	0
OUT229 LP	229	0	0.86784	6.03359	3.99979
OUT229 IP 229	0	0.0141418	-0.177397	0.154525
OUT229 IP 229	1	1.25403	-2.55421	-0.721669
OUT229 IP 229	2	-0.591636	-0.287255	-0.503833
OUT229 IP 229	3	-1.25502	-1.64766	0.688432
OUT229 IP 229	4	-0.259756	0.838366	0.359367
OUT229 IP 229	5	-0.659407	0.0714787	0.650199
OUT229 IP 229	6	0.097038	0.447457	0.276375
OUT229 IP 229	7	-0.443668	-0.18791	0.34752
OUT229 IP 229	8	-0.780205	-0.457838	0.0132636
OUT229 IP 229	9	-2.58414	3.49761	-3.90183
OUT229 IP 229	10	-0.223574	0.25844	-0.24336
OUT229 IP 229	11	0.488379	-0.0267831	0.493483
OUT229 IP 229	12	-0.501696	0.138374	-0.344052
OUT229 IP 229	13	1.6304	-0.769594	-0.383594
OUT229 IP 229	14	1.42453	0.959075	0.837005
OUT229 IP 229	15	0.86784	6.03359	3.99979
OUT229 IP 229	16	-0.0204813	1.17999	0.450604
OUT229 IP 229	17	0.510957	1.08322	0.980657
OUT229 IP 229	18	0.313832	0.311629	0.337178
OUT229 IP 229	19	-0.0733347	-0.138092	0.157979
OUT229 IP 229	20	-0.829192	-1.23327	-0.953206
OUT229 IP 229	21	-0.768034	0.498842	0.119485
OUT229 IP 229	22	0.943663	-0.433266	-0.0885803
OUT229 IP 229	23	0.680889	0.538756	-0.434424
OUT229 IP 229	24	0.0288736	-0.553525	-0.526471
OUT229 IP 229	25	-0.112154	-0.174461	0.209253
OUT229 IP 229	26	-1.33313	-0.818676	0.433997
OUT229 IP 229	27	-0.635381	-0.108783	-0.227467
OUT229 IP 229	28	-0.63784	0.119647	0.368476
OUT229 IP 229	29	-0.410958	-0.134653	0.323686
OUT229 IP 229	30	-0.126026	0.39818	0.0135209
OUT229 IP 229	31	-1.1386	0.127253	0.797732
OUT229 IP 229	32	0.0243357	-0.228612	-0.127879
OUT229 IP 229	33	-0.401461	0.560622	-0.467184
OUT229 IP 229	34	1.27403	-0.251705	-1.20352
OUT229 IP 229	35	0.231205	0.0429935	-0.063701
OUT229 IP 229	36	0.505	0.0757312	0.231265
OUT229 IP 229	37	-0.239418	0.157193	-0.141515
OUT229 IP 229	38	0.202804	-0.922828	0.655258
OUT229 IP 229	39	0.337245	-0.246427	0.33796
OUT229 IP 229	40	0.142449	0.363082	0.0461025
OUT229 IP 229	41	-0.183512	-0.0358694	0.185779
OUT229 IP 229	42	1.42145	0.840285	0.30579
OUT229 IP 229	43	0.00689324	-0.299449	-0.225991
OUT229 IP 229	44	0.268735	0.0660175	0.111382
OUT229 IP 229	45	-0.0542851	0.297026	-0.125164
OUT229 IP 229	46	0.325348	0.829913	0.867221
OUT229 IP 229	47	0.156242	1.71362	0.445845
OUT229 IP 229	48	0.0968931	0.187176	0.0334264
OUT229 IP 229	49	0.185557	0.145614	-0.0158696
OUT229 IP 229	50	0.17101	0.385965	-0.174829
OUT229 IP 229	51	-0.0400831	-0.203825	0.170205
OUT229 IP 229	52	0.00908402	-0.285811	-0.286518
OUT229 IP 229	53	-0.229214	-0.595329	-0.575301
OUT229 IP 229	54	-0.0591203	-0.143699	-0.104876
OUT229 JetStat	229	3	3	0	0
OUT229 JET 229	0	1.95599	11.3766	6.92342	
OUT229 CON	229	0	46	0	0	
OUT229 CON	229	0	17	0	0	
OUT229 CON	229	0	47	0	0	
OUT229 CON	229	0	16	0	0	
OUT229 CON	229	0	6	0	0	
OUT229 CON	229	0	15	0	0	
OUT229 JET 229	1	-3.20983	4.31751	-4.60329	
OUT229 CON	229	1	33	0	0	
OUT229 CON	229	1	9	0	0	
OUT229 CON	229	1	10	0	0	
OUT229 JET 229	2	3.12792	1.87191	1.2425	
OUT229 CON	229	2	44	0	0	
OUT229 CON	229	2	14	0	0	
OUT229 CON	229	2	42	0	0	
OUT229 END	229	0	0	0	0
