OUT80 START	80	0	0	0	0
OUT80 LP	80	0	-2.92771	3.5301	-0.585696
OUT80 IP 80	0	0.926217	-2.11112	-0.834658
OUT80 IP 80	1	0.485681	-0.692136	-0.207907
OUT80 IP 80	2	-0.704399	0.370752	0.148751
OUT80 IP 80	3	-3.21564	2.38438	0.10957
OUT80 IP 80	4	-2.92771	3.5301	-0.585696
OUT80 IP 80	5	-0.869316	1.26598	0.122292
OUT80 IP 80	6	-0.0363063	0.165365	0.0396387
OUT80 IP 80	7	0.781923	-0.478842	-0.689997
OUT80 IP 80	8	-0.388153	-0.138129	0.352167
OUT80 IP 80	9	-0.733363	0.218209	-0.150096
OUT80 IP 80	10	0.383915	-0.194978	0.0944758
OUT80 IP 80	11	-0.260396	0.379303	0.219266
OUT80 IP 80	12	0.200392	-0.413539	-0.137379
OUT80 IP 80	13	0.36825	-0.65199	-0.365663
OUT80 IP 80	14	0.253206	-0.12475	0.155696
OUT80 IP 80	15	-0.530096	1.06891	-0.217746
OUT80 IP 80	16	-0.17434	0.944803	-0.123211
OUT80 IP 80	17	0.210922	-0.148965	-0.0811315
OUT80 IP 80	18	0.625839	0.369047	-0.152749
OUT80 JetStat	80	2	2	0	0
OUT80 JET 80	0	-7.63715	8.35322	-0.56919	
OUT80 CON	80	0	3	0	0	
OUT80 CON	80	0	15	0	0	
OUT80 CON	80	0	4	0	0	
OUT80 CON	80	0	5	0	0	
OUT80 JET 80	1	1.98672	-3.88019	-1.54165	
OUT80 CON	80	1	1	0	0	
OUT80 CON	80	1	13	0	0	
OUT80 CON	80	1	0	0	0	
OUT80 CON	80	1	12	0	0	
OUT80 END	80	0	0	0	0
