OUT150 START	150	0	0	0	0
OUT150 LP	150	0	2.20357	3.70182	0.179065
OUT150 IP 150	0	0.276256	0.042191	0.279098
OUT150 IP 150	1	0.597392	-0.117382	-0.139358
OUT150 IP 150	2	-0.281685	-0.121274	-0.0175069
OUT150 IP 150	3	0.934952	-0.499256	-0.741096
OUT150 IP 150	4	0.489459	0.261691	-0.321412
OUT150 IP 150	5	1.49722	2.17033	0.291606
OUT150 IP 150	6	1.2538	3.60213	-0.215948
OUT150 IP 150	7	2.20357	3.70182	0.179065
OUT150 IP 150	8	-0.0618618	-0.164136	-0.0142007
OUT150 IP 150	9	0.203034	-0.090453	-0.226829
OUT150 IP 150	10	0.534684	1.11792	0.135405
OUT150 IP 150	11	0.619911	0.89971	-0.0957051
OUT150 IP 150	12	-0.212029	0.40954	-0.295362
OUT150 JetStat	150	1	1	0	0
OUT150 JET 150	0	6.14362	11.5594	0.293774	
OUT150 CON	150	0	6	0	0	
OUT150 CON	150	0	11	0	0	
OUT150 CON	150	0	10	0	0	
OUT150 CON	150	0	5	0	0	
OUT150 CON	150	0	7	0	0	
OUT150 END	150	0	0	0	0
