OUT139 START	139	0	0	0	0
OUT139 LP	139	0	2.82335	1.05129	0.468772
OUT139 IP 139	0	-0.0445654	-0.646225	0.493288
OUT139 IP 139	1	-0.775823	0.421313	0.0427427
OUT139 IP 139	2	0.982892	2.77583	-1.6691
OUT139 IP 139	3	0.0273833	-0.351483	0.14994
OUT139 IP 139	4	0.644898	0.077472	0.637219
OUT139 IP 139	5	0.295481	-1.16847	0.446086
OUT139 IP 139	6	0.859111	1.15901	-7.13335e-05
OUT139 IP 139	7	0.184534	0.239203	-0.0931483
OUT139 IP 139	8	0.642012	-0.0108911	0.141421
OUT139 IP 139	9	2.42418	0.594195	1.16605
OUT139 IP 139	10	0.519554	1.2082	0.385178
OUT139 IP 139	11	-0.410187	0.680433	0.682521
OUT139 IP 139	12	0.17221	0.0373453	0.0371906
OUT139 IP 139	13	-0.814666	1.52505	1.52463
OUT139 IP 139	14	-0.773787	0.233	0.268817
OUT139 IP 139	15	-1.20107	-0.198515	0.942381
OUT139 IP 139	16	0.251277	-0.0184782	-0.0831527
OUT139 IP 139	17	-0.254995	-0.543248	-0.273121
OUT139 IP 139	18	0.13654	-0.433835	0.189126
OUT139 IP 139	19	0.322612	-0.0378867	-0.28523
OUT139 IP 139	20	-0.617393	0.674137	0.691943
OUT139 IP 139	21	0.366397	0.182513	0.103004
OUT139 IP 139	22	-0.83469	-0.249204	0.196252
OUT139 IP 139	23	0.139792	-0.197557	0.148064
OUT139 IP 139	24	-0.112407	0.46669	-0.0597609
OUT139 IP 139	25	-0.368064	0.236064	-0.350291
OUT139 IP 139	26	0.211938	0.0999238	-0.0631312
OUT139 IP 139	27	0.167351	-0.224369	0.117558
OUT139 IP 139	28	0.180501	-0.195416	0.173474
OUT139 IP 139	29	0.760594	0.583804	-0.28586
OUT139 IP 139	30	1.43367	0.889068	0.458859
OUT139 IP 139	31	-0.842327	-0.0237827	0.747787
OUT139 IP 139	32	-0.218516	-0.240554	-0.150506
OUT139 IP 139	33	0.117653	0.225925	0.220293
OUT139 IP 139	34	0.420306	0.174242	0.00562754
OUT139 IP 139	35	0.648652	-0.547948	-0.719088
OUT139 IP 139	36	0.0132819	-0.866367	-0.0779928
OUT139 IP 139	37	0.38436	0.787808	-0.140301
OUT139 IP 139	38	-0.0994466	0.436413	-0.23346
OUT139 IP 139	39	0.646758	0.000406247	0.39978
OUT139 IP 139	40	-0.274365	-0.080806	-0.259329
OUT139 IP 139	41	0.361668	-0.367575	0.52329
OUT139 IP 139	42	0.456516	0.0708498	0.290112
OUT139 IP 139	43	0.108513	-0.169179	0.186868
OUT139 IP 139	44	-0.547905	-0.207687	0.339931
OUT139 IP 139	45	0.272322	0.0624936	0.0945205
OUT139 IP 139	46	2.82335	1.05129	0.468772
OUT139 IP 139	47	0.320178	-0.186663	0.22275
OUT139 IP 139	48	-0.111917	0.22296	-0.203189
OUT139 IP 139	49	-0.103653	0.161622	0.0858218
OUT139 IP 139	50	0.49392	-0.340155	0.160025
OUT139 IP 139	51	0.382449	-0.172418	-0.0599957
OUT139 IP 139	52	-0.151206	-0.0141097	0.0342278
OUT139 IP 139	53	0.41586	0.12468	-0.00840363
OUT139 IP 139	54	-0.0149485	0.41027	0.413944
OUT139 IP 139	55	0.0803166	-0.181391	-0.197777
OUT139 IP 139	56	0.292311	0.0102566	0.0715134
OUT139 JetStat	139	3	3	0	0
OUT139 JET 139	0	9.83202	3.2214	2.79433	
OUT139 CON	139	0	42	0	0	
OUT139 CON	139	0	8	0	0	
OUT139 CON	139	0	56	0	0	
OUT139 CON	139	0	9	0	0	
OUT139 CON	139	0	45	0	0	
OUT139 CON	139	0	30	0	0	
OUT139 CON	139	0	53	0	0	
OUT139 CON	139	0	12	0	0	
OUT139 CON	139	0	34	0	0	
OUT139 CON	139	0	21	0	0	
OUT139 CON	139	0	46	0	0	
OUT139 JET 139	1	1.55878	3.8174	-1.88193	
OUT139 CON	139	1	37	0	0	
OUT139 CON	139	1	2	0	0	
OUT139 CON	139	1	7	0	0	
OUT139 JET 139	2	-1.95676	3.05704	2.97554	
OUT139 CON	139	2	49	0	0	
OUT139 CON	139	2	20	0	0	
OUT139 CON	139	2	11	0	0	
OUT139 CON	139	2	13	0	0	
OUT139 END	139	0	0	0	0
