OUT244 START	244	0	0	0	0
OUT244 LP	244	0	-3.01878	1.69141	1.71288
OUT244 IP 244	0	0.642497	-0.412189	-0.780372
OUT244 IP 244	1	-1.32336	-0.496107	-1.03414
OUT244 IP 244	2	-1.1508	0.163094	0.464262
OUT244 IP 244	3	-1.19838	-0.876564	0.537268
OUT244 IP 244	4	-1.42574	0.440766	-0.0756434
OUT244 IP 244	5	-0.205641	-0.216065	0.267789
OUT244 IP 244	6	-0.126004	0.726211	-0.582609
OUT244 IP 244	7	-0.298093	0.0464526	-0.0268079
OUT244 IP 244	8	-0.489884	0.503895	-0.214831
OUT244 IP 244	9	-0.399201	0.379432	-0.354086
OUT244 IP 244	10	-3.54547	1.24649	0.74276
OUT244 IP 244	11	-3.01878	1.69141	1.71288
OUT244 IP 244	12	-1.90282	0.500202	1.26734
OUT244 IP 244	13	0.426644	0.237138	0.31037
OUT244 IP 244	14	-0.49596	0.101739	-0.0483988
OUT244 IP 244	15	0.172966	-0.0375296	-0.0870381
OUT244 IP 244	16	0.0141267	0.480216	-0.454484
OUT244 IP 244	17	0.542282	0.0478483	0.394108
OUT244 IP 244	18	-0.14175	0.0636037	0.00643482
OUT244 IP 244	19	0.561298	0.455277	-0.502268
OUT244 IP 244	20	0.722289	0.385424	-0.213223
OUT244 IP 244	21	0.946047	0.344729	-0.980426
OUT244 IP 244	22	1.56554	-0.322549	-0.745482
OUT244 IP 244	23	0.549673	-0.854214	-0.821855
OUT244 IP 244	24	-0.0183083	0.187565	0.000951131
OUT244 IP 244	25	-0.395169	-1.75836	-0.492074
OUT244 IP 244	26	-0.510269	0.232826	0.367648
OUT244 IP 244	27	-0.177386	0.101679	0.11676
OUT244 IP 244	28	0.144301	0.207029	-0.161336
OUT244 IP 244	29	0.480315	-0.206791	0.497175
OUT244 IP 244	30	0.451934	-0.0655866	0.111332
OUT244 IP 244	31	0.158093	-0.461033	0.321659
OUT244 IP 244	32	0.137931	0.418006	0.00284969
OUT244 IP 244	33	0.214786	-0.256468	-0.0710896
OUT244 IP 244	34	-0.261329	0.304772	-0.108668
OUT244 IP 244	35	-0.414441	-0.151614	0.108876
OUT244 IP 244	36	0.0643716	-0.184456	-0.000268351
OUT244 IP 244	37	-1.9589	0.530677	1.47099
OUT244 IP 244	38	-0.279153	-0.111689	-0.204514
OUT244 JetStat	244	1	1	0	0
OUT244 JET 244	0	-12.4917	4.56158	6.05361	
OUT244 CON	244	0	10	0	0	
OUT244 CON	244	0	18	0	0	
OUT244 CON	244	0	2	0	0	
OUT244 CON	244	0	11	0	0	
OUT244 CON	244	0	27	0	0	
OUT244 CON	244	0	26	0	0	
OUT244 CON	244	0	12	0	0	
OUT244 CON	244	0	37	0	0	
OUT244 END	244	0	0	0	0
