OUT56 START	56	0	0	0	0
OUT56 LP	56	0	4.89125	3.45889	2.95453
OUT56 IP 56	0	1.90811	1.32114	0.383704
OUT56 IP 56	1	-0.892189	0.184064	-0.541781
OUT56 IP 56	2	-0.484652	0.0158197	0.0747687
OUT56 IP 56	3	-0.673737	1.3117	1.39799
OUT56 IP 56	4	-0.274479	0.853624	0.254973
OUT56 IP 56	5	-0.185599	-0.228529	-0.080414
OUT56 IP 56	6	-0.965443	-0.126046	-0.43127
OUT56 IP 56	7	-0.69428	-0.132065	-0.356903
OUT56 IP 56	8	0.374256	-0.0782658	-0.0100941
OUT56 IP 56	9	1.7924	-0.82476	1.71652
OUT56 IP 56	10	0.572321	-1.69555	0.996432
OUT56 IP 56	11	-0.369037	0.0796426	-0.075341
OUT56 IP 56	12	-0.301872	0.00266181	-0.152167
OUT56 IP 56	13	-2.32047	-0.732305	1.60991
OUT56 IP 56	14	-1.34076	-0.414102	1.17442
OUT56 IP 56	15	-1.44144	-0.834292	0.0634316
OUT56 IP 56	16	0.919216	-0.327732	-0.161111
OUT56 IP 56	17	0.513244	0.0602764	0.00387274
OUT56 IP 56	18	1.51473	-0.15333	-1.39253
OUT56 IP 56	19	0.267605	-0.032297	0.0484968
OUT56 IP 56	20	0.86789	0.162767	0.354551
OUT56 IP 56	21	-0.182462	0.887985	-0.617857
OUT56 IP 56	22	0.136638	0.159791	-0.210784
OUT56 IP 56	23	0.43049	-0.052631	-0.313844
OUT56 IP 56	24	-3.6605	0.200476	-1.75182
OUT56 IP 56	25	-1.96485	-0.323434	-1.48444
OUT56 IP 56	26	-0.665012	-0.0577611	0.09143
OUT56 IP 56	27	-0.14519	-0.119804	0.0852462
OUT56 IP 56	28	-0.529425	0.150067	0.312007
OUT56 IP 56	29	0.299902	0.39563	0.231206
OUT56 IP 56	30	0.55327	0.559912	0.359185
OUT56 IP 56	31	1.08141	-2.58477	2.80401
OUT56 IP 56	32	0.0819701	-0.20669	0.0692496
OUT56 IP 56	33	0.280831	-0.578273	0.464439
OUT56 IP 56	34	0.901494	0.805238	0.329978
OUT56 IP 56	35	-0.746451	0.194743	-0.523414
OUT56 IP 56	36	-0.39886	-0.592124	-0.522722
OUT56 IP 56	37	1.56502	-3.1728	-1.6817
OUT56 IP 56	38	0.0634024	0.377937	0.289207
OUT56 IP 56	39	-0.396869	-0.394281	-0.558283
OUT56 IP 56	40	-0.34559	0.205706	-0.0946389
OUT56 IP 56	41	-0.250255	0.298844	-0.225818
OUT56 IP 56	42	-0.562185	-0.546341	-0.0472253
OUT56 IP 56	43	0.142929	0.460333	0.181343
OUT56 IP 56	44	-0.436998	0.0974784	-0.128356
OUT56 IP 56	45	0.55569	0.226257	0.155593
OUT56 IP 56	46	1.10717	0.55673	-0.372422
OUT56 IP 56	47	1.29327	1.58044	-0.367637
OUT56 IP 56	48	0.616692	-0.157584	-0.141428
OUT56 IP 56	49	0.0930389	0.348139	0.0222971
OUT56 IP 56	50	0.476723	0.317279	-0.134152
OUT56 IP 56	51	2.47766	1.87269	1.79138
OUT56 IP 56	52	1.5134	0.99414	0.391175
OUT56 IP 56	53	4.89125	3.45889	2.95453
OUT56 IP 56	54	0.278115	0.0601587	0.166726
OUT56 IP 56	55	-0.0509012	0.308192	0.0489206
OUT56 IP 56	56	0.805026	-0.173226	0.0619676
OUT56 IP 56	57	0.15625	-0.0968484	-0.167933
OUT56 IP 56	58	0.15344	-0.488798	-0.196037
OUT56 IP 56	59	-0.0785176	-0.404211	0.270595
OUT56 IP 56	60	0.20266	0.0357557	-0.0637062
OUT56 IP 56	61	0.276184	0.239734	0.304151
OUT56 IP 56	62	-0.0565303	-0.140255	-0.0611072
OUT56 IP 56	63	-0.540118	-0.0257378	-0.0977335
OUT56 IP 56	64	-0.203458	0.169062	0.235847
OUT56 IP 56	65	0.742025	-1.30349	1.04109
OUT56 IP 56	66	0.735496	-1.31632	0.553216
OUT56 IP 56	67	0.304025	-0.282968	0.0290558
OUT56 IP 56	68	0.490525	-0.357622	0.215778
OUT56 IP 56	69	0.502363	-0.126154	0.348186
OUT56 IP 56	70	0.286354	-0.458291	0.308294
OUT56 IP 56	71	-0.361124	0.227864	0.235339
OUT56 IP 56	72	-0.172041	0.0140389	0.124423
OUT56 IP 56	73	0.826652	0.343893	0.815044
OUT56 IP 56	74	-0.140684	-0.284617	0.154932
OUT56 IP 56	75	-0.113724	0.238146	0.189228
OUT56 IP 56	76	-0.194924	-0.0896301	-0.199079
OUT56 IP 56	77	-0.804234	-1.72319	-0.0550626
OUT56 IP 56	78	-0.174609	-1.74199	0.142604
OUT56 IP 56	79	-0.478301	-2.38369	-0.30459
OUT56 JetStat	56	7	7	0	0
OUT56 JET 56	0	13.4245	9.90998	6.82645	
OUT56 CON	56	0	61	0	0	
OUT56 CON	56	0	45	0	0	
OUT56 CON	56	0	0	0	0	
OUT56 CON	56	0	52	0	0	
OUT56 CON	56	0	29	0	0	
OUT56 CON	56	0	34	0	0	
OUT56 CON	56	0	30	0	0	
OUT56 CON	56	0	51	0	0	
OUT56 CON	56	0	53	0	0	
OUT56 JET 56	1	-10.6868	0.154088	-5.49147	
OUT56 CON	56	1	11	0	0	
OUT56 CON	56	1	63	0	0	
OUT56 CON	56	1	25	0	0	
OUT56 CON	56	1	35	0	0	
OUT56 CON	56	1	44	0	0	
OUT56 CON	56	1	7	0	0	
OUT56 CON	56	1	6	0	0	
OUT56 CON	56	1	1	0	0	
OUT56 CON	56	1	12	0	0	
OUT56 CON	56	1	24	0	0	
OUT56 JET 56	2	3.79164	-8.16758	6.12262	
OUT56 CON	56	2	31	0	0	
OUT56 CON	56	2	32	0	0	
OUT56 CON	56	2	66	0	0	
OUT56 CON	56	2	10	0	0	
OUT56 CON	56	2	70	0	0	
OUT56 CON	56	2	33	0	0	
OUT56 CON	56	2	65	0	0	
OUT56 JET 56	3	-1.5289	-6.04441	-0.276053	
OUT56 CON	56	3	62	0	0	
OUT56 CON	56	3	77	0	0	
OUT56 CON	56	3	78	0	0	
OUT56 CON	56	3	79	0	0	
OUT56 JET 56	4	1.72053	-3.66648	-1.87702	
OUT56 CON	56	4	37	0	0	
OUT56 CON	56	4	58	0	0	
OUT56 JET 56	5	-3.8453	-1.13443	2.90227	
OUT56 CON	56	5	72	0	0	
OUT56 CON	56	5	13	0	0	
OUT56 CON	56	5	14	0	0	
OUT56 JET 56	6	3.53309	-0.714026	-0.196846	
OUT56 CON	56	6	17	0	0	
OUT56 CON	56	6	19	0	0	
OUT56 CON	56	6	56	0	0	
OUT56 CON	56	6	8	0	0	
OUT56 CON	56	6	16	0	0	
OUT56 CON	56	6	48	0	0	
OUT56 END	56	0	0	0	0
