OUT241 START	241	0	0	0	0
OUT241 LP	241	0	-4.005	-0.131336	0.878892
OUT241 IP 241	0	-3.64754	-0.498525	0.515886
OUT241 IP 241	1	-0.629557	-0.0169621	-0.135771
OUT241 IP 241	2	-0.0970126	0.163006	0.127458
OUT241 IP 241	3	-0.594929	-0.143068	0.0455418
OUT241 IP 241	4	-1.70113	0.391084	0.406916
OUT241 IP 241	5	-2.65173	-0.0312797	1.27512
OUT241 IP 241	6	1.48367	-0.184938	1.20539
OUT241 IP 241	7	-4.005	-0.131336	0.878892
OUT241 IP 241	8	-0.83336	-0.209634	0.561467
OUT241 IP 241	9	0.723896	0.126538	0.675826
OUT241 IP 241	10	-0.420145	-0.0792115	-0.292859
OUT241 IP 241	11	-0.447605	-0.487576	-0.583938
OUT241 IP 241	12	-0.199379	0.219739	0.0533485
OUT241 IP 241	13	-0.450596	0.0812272	-0.210981
OUT241 IP 241	14	-0.430436	-0.177914	-0.403669
OUT241 IP 241	15	-0.436081	0.319452	-0.00748373
OUT241 IP 241	16	-0.30261	-0.478074	0.213679
OUT241 JetStat	241	1	1	0	0
OUT241 JET 241	0	-12.6912	-0.412601	3.09538	
OUT241 CON	241	0	4	0	0	
OUT241 CON	241	0	5	0	0	
OUT241 CON	241	0	3	0	0	
OUT241 CON	241	0	0	0	0	
OUT241 CON	241	0	7	0	0	
OUT241 END	241	0	0	0	0
