OUT36 START	36	0	0	0	0
OUT36 LP	36	0	-6.22666	-0.642258	-1.28942
OUT36 IP 36	0	0.775928	0.39019	-0.502027
OUT36 IP 36	1	0.10721	-0.664658	0.229036
OUT36 IP 36	2	-1.42836	-0.654245	-0.418605
OUT36 IP 36	3	-6.22666	-0.642258	-1.28942
OUT36 IP 36	4	-0.395932	0.373907	-0.0612404
OUT36 IP 36	5	-1.8963	-1.66997	1.04244
OUT36 IP 36	6	0.0835321	-0.615149	0.104554
OUT36 IP 36	7	-0.406882	-0.298039	0.425347
OUT36 IP 36	8	-0.0335768	0.458056	-0.423272
OUT36 IP 36	9	0.435821	1.27194	1.19654
OUT36 IP 36	10	-0.0679738	1.4347	0.699788
OUT36 IP 36	11	0.0332387	-0.364894	0.0369023
OUT36 IP 36	12	0.309587	-0.143856	0.131876
OUT36 IP 36	13	0.121726	-0.226327	0.207538
OUT36 IP 36	14	-1.33883	-0.606085	0.867987
OUT36 IP 36	15	-1.83286	0.0291021	0.0115112
OUT36 IP 36	16	-1.22258	-1.36175	0.533421
OUT36 IP 36	17	-0.453658	0.0400314	0.0641947
OUT36 IP 36	18	-0.15464	-0.18778	-0.182573
OUT36 IP 36	19	-0.369721	0.44654	0.192514
OUT36 IP 36	20	-0.152029	-0.182513	-0.134033
OUT36 IP 36	21	-0.16345	-0.0827551	0.0820226
OUT36 IP 36	22	0.852516	0.303114	-0.692158
OUT36 JetStat	36	2	2	0	0
OUT36 JET 36	0	-10.0423	-1.24584	-1.6257	
OUT36 CON	36	0	2	0	0	
OUT36 CON	36	0	17	0	0	
OUT36 CON	36	0	3	0	0	
OUT36 CON	36	0	15	0	0	
OUT36 JET 36	1	-5.09014	-4.06486	2.92107	
OUT36 CON	36	1	7	0	0	
OUT36 CON	36	1	14	0	0	
OUT36 CON	36	1	21	0	0	
OUT36 CON	36	1	5	0	0	
OUT36 CON	36	1	16	0	0	
OUT36 END	36	0	0	0	0
