OUT119 START	119	0	0	0	0
OUT119 LP	119	0	-5.64389	0.535166	2.54987
OUT119 IP 119	0	0.409561	-0.394142	0.0703803
OUT119 IP 119	1	0.432889	1.13645	0.721587
OUT119 IP 119	2	-0.216392	-0.782548	-0.682259
OUT119 IP 119	3	0.735512	-0.0329578	-0.185455
OUT119 IP 119	4	0.133067	-0.131698	0.171203
OUT119 IP 119	5	-0.0433385	0.369376	0.177581
OUT119 IP 119	6	-3.24594	0.0333379	1.48422
OUT119 IP 119	7	-5.64389	0.535166	2.54987
OUT119 IP 119	8	-0.801615	-0.186766	0.222455
OUT119 IP 119	9	-0.59298	-0.0211386	0.297374
OUT119 IP 119	10	-1.1695	-1.34726	1.76689
OUT119 IP 119	11	0.917445	0.0698218	0.678785
OUT119 IP 119	12	2.11412	1.21513	0.926914
OUT119 IP 119	13	0.721183	0.382489	-0.170175
OUT119 IP 119	14	-0.409638	0.954845	0.586217
OUT119 IP 119	15	0.952946	0.305037	-0.583762
OUT119 IP 119	16	-0.00344009	0.434985	-0.373002
OUT119 IP 119	17	-0.000505387	0.15772	-0.104835
OUT119 IP 119	18	-0.267801	-0.672798	-0.233901
OUT119 IP 119	19	-0.259885	-1.0705	-0.941766
OUT119 IP 119	20	-0.483592	-0.321206	-0.287946
OUT119 IP 119	21	-0.206282	0.814608	-0.457831
OUT119 IP 119	22	0.231569	0.362541	-0.40906
OUT119 IP 119	23	0.446044	-0.728886	0.533529
OUT119 IP 119	24	-0.137098	0.167565	0.176984
OUT119 IP 119	25	-0.488627	0.396067	-0.477308
OUT119 IP 119	26	-0.266289	-0.439038	0.311104
OUT119 IP 119	27	-1.0168	-1.62855	1.36831
OUT119 IP 119	28	-0.952002	-2.15445	1.74085
OUT119 IP 119	29	-1.0167	-0.952679	1.22339
OUT119 IP 119	30	-0.196564	0.0981182	0.19052
OUT119 IP 119	31	-0.0492068	0.415739	-0.316906
OUT119 IP 119	32	-2.12401	1.42408	1.05766
OUT119 IP 119	33	-0.525166	0.450461	0.103893
OUT119 JetStat	119	3	3	0	0
OUT119 JET 119	0	-10.3255	0.35968	4.54919	
OUT119 CON	119	0	8	0	0	
OUT119 CON	119	0	9	0	0	
OUT119 CON	119	0	6	0	0	
OUT119 CON	119	0	7	0	0	
OUT119 JET 119	1	-4.47062	-6.59341	6.38253	
OUT119 CON	119	1	29	0	0	
OUT119 CON	119	1	10	0	0	
OUT119 CON	119	1	28	0	0	
OUT119 CON	119	1	26	0	0	
OUT119 CON	119	1	27	0	0	
OUT119 JET 119	2	-2.65224	1.87681	1.15623	
OUT119 CON	119	2	32	0	0	
OUT119 CON	119	2	33	0	0	
OUT119 END	119	0	0	0	0
