OUT61 START	61	0	0	0	0
OUT61 LP	61	0	-1.16539	-5.59836	-0.821208
OUT61 IP 61	0	-0.476096	0.189714	-0.486283
OUT61 IP 61	1	-1.16539	-5.59836	-0.821208
OUT61 IP 61	2	-0.362777	-4.28667	-1.10034
OUT61 IP 61	3	0.186558	-2.0924	-0.810612
OUT61 IP 61	4	-0.121018	-0.727111	-0.167916
OUT61 IP 61	5	-0.0331875	-0.655514	0.0993106
OUT61 IP 61	6	0.451839	-0.0588646	-0.179285
OUT61 IP 61	7	-0.21077	0.202508	-0.219047
OUT61 IP 61	8	-0.130621	-0.242337	-0.0150636
OUT61 IP 61	9	-0.329632	-1.0191	0.323895
OUT61 JetStat	61	1	1	0	0
OUT61 JET 61	0	-1.50167	-13.4308	-2.78574	
OUT61 CON	61	0	5	0	0	
OUT61 CON	61	0	3	0	0	
OUT61 CON	61	0	2	0	0	
OUT61 CON	61	0	1	0	0	
OUT61 CON	61	0	4	0	0	
OUT61 END	61	0	0	0	0
