OUT6 START	6	0	0	0	0
OUT6 LP	6	0	-6.40198	-6.77437	-0.841939
OUT6 IP 6	0	-6.40198	-6.77437	-0.841939
OUT6 IP 6	1	-0.172551	0.0775456	0.133209
OUT6 IP 6	2	-0.505785	0.236122	-0.525918
OUT6 IP 6	3	-0.770337	0.700292	-0.489495
OUT6 IP 6	4	-0.380077	0.585693	-0.716515
OUT6 IP 6	5	0.374901	0.0741504	0.272873
OUT6 IP 6	6	-0.489018	-0.755283	-0.55856
OUT6 IP 6	7	0.110253	1.18349	0.384333
OUT6 IP 6	8	0.402774	0.843155	0.410226
OUT6 IP 6	9	-0.507904	1.05941	-0.653626
OUT6 IP 6	10	-0.0155156	1.98547	0.767365
OUT6 IP 6	11	0.540204	0.840365	0.690333
OUT6 IP 6	12	0.533658	1.43634	0.597799
OUT6 IP 6	13	0.0919579	-0.41204	0.276311
OUT6 IP 6	14	0.057121	0.297055	0.0480621
OUT6 IP 6	15	-0.601894	-0.289506	-0.336388
OUT6 IP 6	16	-0.490174	-0.986914	0.207321
OUT6 IP 6	17	-0.254967	0.0113705	-0.229924
OUT6 IP 6	18	0.475113	0.242673	0.0803827
OUT6 IP 6	19	-0.430314	-0.149953	-0.306918
OUT6 IP 6	20	-0.335695	-0.0546925	0.249323
OUT6 IP 6	21	-0.637629	-1.40012	0.307975
OUT6 IP 6	22	-0.457089	-0.649531	-0.281702
OUT6 IP 6	23	0.311645	0.207182	0.135683
OUT6 IP 6	24	-0.120762	-0.144347	-0.0122021
OUT6 IP 6	25	-0.1578	0.286737	0.0763608
OUT6 IP 6	26	-0.192105	-0.450778	-0.267733
OUT6 IP 6	27	0.0131588	0.346431	0.0381414
OUT6 IP 6	28	1.0101	1.0464	-0.133265
OUT6 IP 6	29	0.299521	-0.0504678	0.0603202
OUT6 IP 6	30	-0.0358058	0.219199	-0.13839
OUT6 IP 6	31	0.720779	1.1674	1.22181
OUT6 IP 6	32	0.658588	0.193334	-0.231263
OUT6 IP 6	33	0.514772	0.528828	0.0121324
OUT6 IP 6	34	0.225949	-0.0426067	-0.232475
OUT6 IP 6	35	-1.06103	0.081653	0.994233
OUT6 IP 6	36	0.69268	0.0238703	-0.629106
OUT6 IP 6	37	-0.0462287	0.184865	-0.090596
OUT6 IP 6	38	0.247275	-0.233563	-0.307729
OUT6 IP 6	39	0.623426	0.766818	-0.365012
OUT6 IP 6	40	0.193367	0.952873	-0.771152
OUT6 IP 6	41	0.131863	-0.602929	-0.107938
OUT6 IP 6	42	0.364434	-1.13435	0.341447
OUT6 IP 6	43	0.285291	-0.431155	0.018316
OUT6 IP 6	44	0.012504	-0.374102	0.272439
OUT6 IP 6	45	-0.126634	0.215194	0.164382
OUT6 IP 6	46	-0.36424	0.0353631	-0.126576
OUT6 IP 6	47	0.142485	0.430093	0.317782
OUT6 IP 6	48	0.146923	0.0792144	0.0089745
OUT6 IP 6	49	0.204488	-0.122229	-0.0629394
OUT6 IP 6	50	0.424705	0.299486	-0.429872
OUT6 JetStat	6	3	3	0	0
OUT6 JET 6	0	-6.98489	-7.57418	-1.13136	
OUT6 CON	6	0	22	0	0	
OUT6 CON	6	0	0	0	0	
OUT6 CON	6	0	24	0	0	
OUT6 JET 6	1	1.26444	6.62348	2.54825	
OUT6 CON	6	1	47	0	0	
OUT6 CON	6	1	8	0	0	
OUT6 CON	6	1	12	0	0	
OUT6 CON	6	1	14	0	0	
OUT6 CON	6	1	27	0	0	
OUT6 CON	6	1	7	0	0	
OUT6 CON	6	1	10	0	0	
OUT6 JET 6	2	2.30361	2.42893	-0.470699	
OUT6 CON	6	2	48	0	0	
OUT6 CON	6	2	39	0	0	
OUT6 CON	6	2	28	0	0	
OUT6 CON	6	2	33	0	0	
OUT6 END	6	0	0	0	0
