OUT212 START	212	0	0	0	0
OUT212 LP	212	0	-1.02621	3.48918	0.873093
OUT212 IP 212	0	-0.275337	-0.0365892	-0.0138487
OUT212 IP 212	1	0.261439	0.0767095	-0.198417
OUT212 IP 212	2	1.12895	-0.176898	-0.884985
OUT212 IP 212	3	0.318632	-0.208298	0.00526989
OUT212 IP 212	4	-0.122886	-0.0952605	0.0391644
OUT212 IP 212	5	-0.186165	0.100771	-0.13925
OUT212 IP 212	6	-1.96807	1.13999	1.71576
OUT212 IP 212	7	-0.289015	0.876201	-0.113041
OUT212 IP 212	8	-1.504	3.22547	1.09466
OUT212 IP 212	9	-0.882575	0.571096	0.265555
OUT212 IP 212	10	-0.42118	1.33769	0.863024
OUT212 IP 212	11	0.261259	-0.153602	0.151529
OUT212 IP 212	12	-0.161021	-0.137601	-0.106168
OUT212 IP 212	13	0.0214008	-0.15409	0.135767
OUT212 IP 212	14	-0.791334	-0.776245	-0.306887
OUT212 IP 212	15	-0.00835085	-0.223172	0.121881
OUT212 IP 212	16	-0.00994561	0.413227	0.0831005
OUT212 IP 212	17	-0.327176	0.206267	-0.271951
OUT212 IP 212	18	0.655213	-1.52363	-1.25213
OUT212 IP 212	19	1.92648	-0.636947	-1.35945
OUT212 IP 212	20	0.446817	0.222633	-0.450757
OUT212 IP 212	21	0.17312	-0.238791	0.10822
OUT212 IP 212	22	1.05717	0.112577	0.565161
OUT212 IP 212	23	0.217159	0.215265	0.30133
OUT212 IP 212	24	0.223775	0.137569	-0.146807
OUT212 IP 212	25	-1.02621	3.48918	0.873093
OUT212 IP 212	26	-0.0997028	1.2799	0.77385
OUT212 IP 212	27	-0.0577076	0.602899	0.244234
OUT212 IP 212	28	-0.385591	0.80367	-0.11255
OUT212 IP 212	29	-0.794816	-2.07689	-1.33525
OUT212 IP 212	30	1.22717	0.00594385	0.0966002
OUT212 IP 212	31	0.210734	0.105988	0.0610761
OUT212 IP 212	32	1.45051	0.828448	0.194383
OUT212 IP 212	33	0.992747	0.662552	0.766194
OUT212 IP 212	34	-0.0317153	-0.213072	0.0851415
OUT212 IP 212	35	0.20351	-0.0475479	0.122191
OUT212 IP 212	36	-0.368669	-0.481008	0.507126
OUT212 IP 212	37	-0.00634229	0.311122	0.127455
OUT212 IP 212	38	-0.416142	0.285047	0.0563563
OUT212 IP 212	39	-0.153842	0.279306	0.0654332
OUT212 IP 212	40	-0.474858	-0.586565	-0.586075
OUT212 IP 212	41	-0.231473	0.0200829	-0.236856
OUT212 IP 212	42	0.0138532	-0.199764	-0.0504867
OUT212 IP 212	43	-0.280381	0.223262	0.0478565
OUT212 IP 212	44	0.291572	-0.174262	-0.170382
OUT212 IP 212	45	0.167931	0.0463511	0.156835
OUT212 JetStat	212	2	2	0	0
OUT212 JET 212	0	-3.3082	11.0464	4.08306	
OUT212 CON	212	0	26	0	0	
OUT212 CON	212	0	16	0	0	
OUT212 CON	212	0	37	0	0	
OUT212 CON	212	0	10	0	0	
OUT212 CON	212	0	27	0	0	
OUT212 CON	212	0	25	0	0	
OUT212 CON	212	0	8	0	0	
OUT212 CON	212	0	39	0	0	
OUT212 JET 212	1	3.36762	-0.994691	-2.40995	
OUT212 CON	212	1	44	0	0	
OUT212 CON	212	1	2	0	0	
OUT212 CON	212	1	19	0	0	
OUT212 END	212	0	0	0	0
