OUT226 START	226	0	0	0	0
OUT226 LP	226	0	0.465164	-3.07361	0.679017
OUT226 IP 226	0	-1.18417	-0.75345	1.12696
OUT226 IP 226	1	-1.34028	0.408306	1.13471
OUT226 IP 226	2	-0.560383	-0.196199	0.176204
OUT226 IP 226	3	-0.253386	0.610161	-0.502781
OUT226 IP 226	4	-0.203157	-0.360163	-0.230617
OUT226 IP 226	5	-1.13339	-0.335209	-1.09041
OUT226 IP 226	6	0.00627647	-0.540885	0.337653
OUT226 IP 226	7	-0.682369	-0.655627	-0.250787
OUT226 IP 226	8	-0.0418162	-0.498721	-0.404826
OUT226 IP 226	9	0.160219	-0.976893	-0.33286
OUT226 IP 226	10	0.702142	0.466352	-0.312231
OUT226 IP 226	11	-0.308538	-0.179651	0.199542
OUT226 IP 226	12	-0.373464	-0.197113	0.192625
OUT226 IP 226	13	-0.123767	-0.316433	0.16716
OUT226 IP 226	14	0.172547	0.242432	0.220289
OUT226 IP 226	15	-0.173042	-0.0111716	-0.0957249
OUT226 IP 226	16	-0.167647	-0.630118	0.639605
OUT226 IP 226	17	0.367567	0.0302163	0.0911326
OUT226 IP 226	18	0.301681	-0.245816	-0.261046
OUT226 IP 226	19	-0.799848	0.151886	-0.240818
OUT226 IP 226	20	-0.71802	-0.226419	-0.0447497
OUT226 IP 226	21	0.634646	-0.0541214	0.391213
OUT226 IP 226	22	0.384176	0.569923	-0.227708
OUT226 IP 226	23	0.481058	0.0123879	0.477761
OUT226 IP 226	24	-0.596517	-0.397626	0.10679
OUT226 IP 226	25	-0.474624	0.15357	-0.508677
OUT226 IP 226	26	-0.104054	-0.328347	-0.226289
OUT226 IP 226	27	-0.333754	0.0989171	0.053745
OUT226 IP 226	28	0.0886881	-2.13012	0.591856
OUT226 IP 226	29	0.127995	-1.9814	0.872342
OUT226 IP 226	30	0.0499494	-0.197525	-0.0988645
OUT226 IP 226	31	-0.429275	0.334546	0.10176
OUT226 IP 226	32	0.0367188	-0.857701	0.732187
OUT226 IP 226	33	0.230401	0.0816773	-0.195535
OUT226 IP 226	34	0.216567	0.000600663	0.0144348
OUT226 IP 226	35	0.626115	0.299944	0.20169
OUT226 IP 226	36	-0.00535471	0.230679	-0.0462742
OUT226 IP 226	37	-0.496928	0.484973	-0.376446
OUT226 IP 226	38	-0.00490957	-0.212819	0.019864
OUT226 IP 226	39	0.465164	-3.07361	0.679017
OUT226 IP 226	40	0.547697	-2.63344	0.522016
OUT226 IP 226	41	1.77962	1.30192	1.04185
OUT226 IP 226	42	0.00277949	0.362313	0.0712572
OUT226 IP 226	43	-0.22781	-1.24138	0.319599
OUT226 IP 226	44	-0.304574	0.652675	0.582957
OUT226 JetStat	226	1	1	0	0
OUT226 JET 226	0	1.00637	-11.8893	3.31988	
OUT226 CON	226	0	6	0	0	
OUT226 CON	226	0	43	0	0	
OUT226 CON	226	0	29	0	0	
OUT226 CON	226	0	38	0	0	
OUT226 CON	226	0	28	0	0	
OUT226 CON	226	0	39	0	0	
OUT226 CON	226	0	40	0	0	
OUT226 END	226	0	0	0	0
