OUT141 START	141	0	0	0	0
OUT141 LP	141	0	1.31091	6.38002	-1.85816
OUT141 IP 141	0	-0.29639	1.47383	0.423084
OUT141 IP 141	1	0.00894988	0.57998	0.172858
OUT141 IP 141	2	-0.691013	-0.156356	0.537562
OUT141 IP 141	3	1.02942	-0.108269	0.921452
OUT141 IP 141	4	0.346407	-0.188616	-0.125626
OUT141 IP 141	5	-0.14583	0.189384	0.240073
OUT141 IP 141	6	0.205994	-0.30695	0.240444
OUT141 IP 141	7	-1.13042	2.1779	-1.77204
OUT141 IP 141	8	-0.603542	0.585449	-0.46106
OUT141 IP 141	9	-1.09506	0.571642	0.3114
OUT141 IP 141	10	0.150246	0.372968	0.00812827
OUT141 IP 141	11	-0.716445	0.297031	0.720936
OUT141 IP 141	12	0.204831	-0.0346113	0.0994325
OUT141 IP 141	13	-0.245599	1.28661	1.2783
OUT141 IP 141	14	0.21293	-0.770451	0.699864
OUT141 IP 141	15	-0.399169	-0.605192	0.55455
OUT141 IP 141	16	0.536009	1.80376	-0.518067
OUT141 IP 141	17	1.31091	6.38002	-1.85816
OUT141 IP 141	18	1.62005	4.10118	-1.06489
OUT141 JetStat	141	2	2	0	0
OUT141 JET 141	0	3.62906	12.6983	-3.42967	
OUT141 CON	141	0	10	0	0	
OUT141 CON	141	0	18	0	0	
OUT141 CON	141	0	16	0	0	
OUT141 CON	141	0	17	0	0	
OUT141 JET 141	1	-1.75259	2.78981	-2.22873	
OUT141 CON	141	1	7	0	0	
OUT141 CON	141	1	8	0	0	
OUT141 END	141	0	0	0	0
