OUT289 START	289	0	0	0	0
OUT289 LP	289	0	-2.38218	2.45518	0.758685
OUT289 IP 289	0	-1.36276	0.50968	0.305939
OUT289 IP 289	1	0.30699	0.11013	0.255683
OUT289 IP 289	2	0.378526	0.278264	-0.0831869
OUT289 IP 289	3	2.44384	0.243997	-1.36556
OUT289 IP 289	4	0.248857	0.37355	-0.197152
OUT289 IP 289	5	-0.126715	-0.252807	0.147048
OUT289 IP 289	6	-0.269553	-0.127794	0.175946
OUT289 IP 289	7	-1.09799	1.17863	-0.625298
OUT289 IP 289	8	-0.128916	-0.258884	-0.0387847
OUT289 IP 289	9	0.0329677	-0.344741	0.0162837
OUT289 IP 289	10	0.0497551	-0.575154	0.0498481
OUT289 IP 289	11	-0.735875	0.346967	0.567285
OUT289 IP 289	12	-2.27437	2.61408	0.714223
OUT289 IP 289	13	0.0721684	0.707137	-0.301397
OUT289 IP 289	14	-0.985705	-0.818594	0.416368
OUT289 IP 289	15	0.289182	0.521062	0.31189
OUT289 IP 289	16	0.0486991	0.374545	-0.315761
OUT289 IP 289	17	0.808494	-0.299501	-0.308135
OUT289 IP 289	18	0.528629	-0.457151	-0.0226803
OUT289 IP 289	19	0.380616	-0.534461	0.548578
OUT289 IP 289	20	0.275494	0.272813	0.0567361
OUT289 IP 289	21	-0.732442	0.0678741	0.0148617
OUT289 IP 289	22	-0.591666	0.569714	-0.332563
OUT289 IP 289	23	-1.51242	-0.6156	-0.83123
OUT289 IP 289	24	-0.514348	-0.51759	0.0459928
OUT289 IP 289	25	-0.699516	-1.07707	0.333766
OUT289 IP 289	26	0.158634	-0.722458	0.704917
OUT289 IP 289	27	0.151352	0.0220437	0.0534109
OUT289 IP 289	28	-0.321972	0.257474	0.121608
OUT289 IP 289	29	-0.790902	0.564166	0.458548
OUT289 IP 289	30	0.122697	0.194581	-0.137409
OUT289 IP 289	31	-0.197902	-0.0348946	0.00769219
OUT289 IP 289	32	0.050725	0.271972	0.0867829
OUT289 IP 289	33	-0.393681	0.608537	-0.0770002
OUT289 IP 289	34	-0.209032	0.132688	-0.0021488
OUT289 IP 289	35	-0.0866825	0.175802	-0.14387
OUT289 IP 289	36	-2.38218	2.45518	0.758685
OUT289 IP 289	37	-1.71677	2.25245	0.462633
OUT289 JetStat	289	2	2	0	0
OUT289 JET 289	0	-8.12987	8.92694	2.42236	
OUT289 CON	289	0	33	0	0	
OUT289 CON	289	0	34	0	0	
OUT289 CON	289	0	29	0	0	
OUT289 CON	289	0	28	0	0	
OUT289 CON	289	0	37	0	0	
OUT289 CON	289	0	12	0	0	
OUT289 CON	289	0	36	0	0	
OUT289 JET 289	1	-2.35209	-2.69633	0.936958	
OUT289 CON	289	1	24	0	0	
OUT289 CON	289	1	14	0	0	
OUT289 CON	289	1	5	0	0	
OUT289 CON	289	1	25	0	0	
OUT289 END	289	0	0	0	0
