OUT33 START	33	0	0	0	0
OUT33 LP	33	0	0.495624	-3.67485	0.29236
OUT33 IP 33	0	-0.436994	0.635428	-0.586071
OUT33 IP 33	1	0.487493	1.48952	1.16799
OUT33 IP 33	2	1.03301	0.55836	0.393981
OUT33 IP 33	3	0.527361	-0.252649	-0.32006
OUT33 IP 33	4	0.434176	-3.57102	0.362906
OUT33 IP 33	5	0.495624	-3.67485	0.29236
OUT33 IP 33	6	0.468578	-1.52897	-0.142505
OUT33 IP 33	7	-0.294338	0.0455824	-0.13383
OUT33 IP 33	8	0.235335	-1.48776	-0.167159
OUT33 IP 33	9	0.0613873	0.256575	0.114659
OUT33 IP 33	10	-0.0731431	1.02732	0.994055
OUT33 IP 33	11	0.574427	0.0814286	0.223315
OUT33 IP 33	12	0.0249585	-0.193524	0.114534
OUT33 IP 33	13	1.02135	-0.986	-0.372359
OUT33 IP 33	14	0.139443	-0.329652	0.328106
OUT33 IP 33	15	0.262571	-0.243354	-0.350065
OUT33 IP 33	16	-0.249077	0.676858	0.336865
OUT33 IP 33	17	0.0398568	-0.26116	0.114355
OUT33 IP 33	18	0.554703	-0.292884	-0.134198
OUT33 IP 33	19	-0.194343	0.0089252	-0.170917
OUT33 IP 33	20	-0.0319023	-0.26583	-0.264154
OUT33 IP 33	21	-0.735516	-0.671946	0.0511424
OUT33 IP 33	22	-0.203439	-0.208405	-0.00520032
OUT33 JetStat	33	1	1	0	0
OUT33 JET 33	0	1.67724	-10.5425	0.456411	
OUT33 CON	33	0	17	0	0	
OUT33 CON	33	0	6	0	0	
OUT33 CON	33	0	8	0	0	
OUT33 CON	33	0	4	0	0	
OUT33 CON	33	0	5	0	0	
OUT33 END	33	0	0	0	0
