OUT66 START	66	0	0	0	0
OUT66 LP	66	0	-4.19827	-0.81247	-3.12084
OUT66 IP 66	0	0.493363	0.962068	-0.343076
OUT66 IP 66	1	0.265503	-0.253133	-0.0656878
OUT66 IP 66	2	-0.307307	-0.183036	0.333125
OUT66 IP 66	3	0.29309	-0.287285	-0.0765963
OUT66 IP 66	4	0.326672	0.548466	-0.257443
OUT66 IP 66	5	1.71636	1.6803	2.27827
OUT66 IP 66	6	-0.415612	-0.753707	0.265182
OUT66 IP 66	7	-0.478383	-3.8403	0.0182802
OUT66 IP 66	8	-3.2293	0.0415461	-0.194266
OUT66 IP 66	9	-2.21486	0.214348	-1.71351
OUT66 IP 66	10	-4.19827	-0.81247	-3.12084
OUT66 IP 66	11	-0.338653	-0.17143	0.186836
OUT66 IP 66	12	0.309001	1.13228	0.690245
OUT66 IP 66	13	0.227179	1.2229	-0.600112
OUT66 IP 66	14	-0.227125	-0.624492	-0.0198089
OUT66 IP 66	15	0.317894	0.0963202	0.231895
OUT66 IP 66	16	0.543618	-0.415972	-0.67597
OUT66 IP 66	17	0.354341	0.749024	-0.301585
OUT66 IP 66	18	0.574688	0.113584	-0.540334
OUT66 IP 66	19	0.503947	-0.387879	0.246251
OUT66 IP 66	20	1.64642	-0.175169	1.65208
OUT66 IP 66	21	-0.498072	-1.21462	-0.156934
OUT66 IP 66	22	-1.70535	-0.601057	-0.413947
OUT66 IP 66	23	-2.75775	-0.830786	-1.19901
OUT66 IP 66	24	-1.24559	-0.391942	-0.356365
OUT66 IP 66	25	-1.84832	-0.268022	0.485493
OUT66 IP 66	26	-0.176011	0.136587	0.00421699
OUT66 IP 66	27	-0.19462	1.8092	0.990253
OUT66 IP 66	28	-0.140873	0.55764	-0.300921
OUT66 IP 66	29	0.234677	0.175119	0.172023
OUT66 IP 66	30	0.41123	0.11159	0.274032
OUT66 IP 66	31	-0.303684	-0.231816	0.300416
OUT66 IP 66	32	0.982084	-0.000370392	-0.0029543
OUT66 IP 66	33	2.0244	0.29154	0.449686
OUT66 IP 66	34	0.379657	-0.303294	-0.461462
OUT66 IP 66	35	0.578131	-0.215676	-0.594815
OUT66 IP 66	36	-0.151928	-0.141695	0.166349
OUT66 IP 66	37	-0.374681	0.280325	-0.471171
OUT66 IP 66	38	-0.253178	-0.0186091	-0.0731919
OUT66 IP 66	39	-0.343199	-0.216258	-0.00094103
OUT66 IP 66	40	0.292385	-0.422296	0.114756
OUT66 IP 66	41	0.524454	-0.150368	-0.00408125
OUT66 IP 66	42	0.448176	-0.109541	0.456875
OUT66 IP 66	43	0.179735	0.279054	0.24719
OUT66 JetStat	66	6	6	0	0
OUT66 JET 66	0	-10.1824	-2.66044	-5.07473	
OUT66 CON	66	0	10	0	0	
OUT66 CON	66	0	38	0	0	
OUT66 CON	66	0	23	0	0	
OUT66 CON	66	0	22	0	0	
OUT66 CON	66	0	24	0	0	
OUT66 JET 66	1	-1.21339	-5.71998	-0.158108	
OUT66 CON	66	1	21	0	0	
OUT66 CON	66	1	7	0	0	
OUT66 CON	66	1	14	0	0	
OUT66 JET 66	2	-5.09215	-0.227328	0.286186	
OUT66 CON	66	2	8	0	0	
OUT66 CON	66	2	25	0	0	
OUT66 JET 66	3	1.41478	3.5182	-1.49932	
OUT66 CON	66	3	13	0	0	
OUT66 CON	66	3	4	0	0	
OUT66 CON	66	3	0	0	0	
OUT66 CON	66	3	17	0	0	
OUT66 JET 66	4	3.01328	0.291713	0.44477	
OUT66 CON	66	4	32	0	0	
OUT66 CON	66	4	33	0	0	
OUT66 JET 66	5	2.13806	2.1423	2.68688	
OUT66 CON	66	5	29	0	0	
OUT66 CON	66	5	5	0	0	
OUT66 CON	66	5	43	0	0	
OUT66 END	66	0	0	0	0
