OUT11 START	11	0	0	0	0
OUT11 LP	11	0	-3.22286	0.84605	-1.93072
OUT11 IP 11	0	-2.60811	1.23891	-0.757347
OUT11 IP 11	1	-0.418885	-0.257655	-0.0415736
OUT11 IP 11	2	-0.289551	0.0723912	-0.092517
OUT11 IP 11	3	0.264145	-0.163328	0.0632059
OUT11 IP 11	4	-3.22286	0.84605	-1.93072
OUT11 IP 11	5	-1.73629	0.186574	-0.104933
OUT11 IP 11	6	-1.07623	0.24303	0.688013
OUT11 IP 11	7	-0.955108	0.278192	-0.431418
OUT11 IP 11	8	-0.473772	0.385646	-0.328339
OUT11 IP 11	9	-0.224422	0.0669938	-0.209399
OUT11 IP 11	10	-0.193872	-0.302324	-0.081084
OUT11 IP 11	11	-0.129337	0.169242	-0.138318
OUT11 IP 11	12	-0.41297	-0.0787061	-0.302253
OUT11 IP 11	13	-0.501225	0.0989121	-0.313417
OUT11 IP 11	14	0.172479	-0.585521	-0.229795
OUT11 IP 11	15	0.220026	-0.220333	-0.189194
OUT11 IP 11	16	-0.265615	-1.19808	-0.466077
OUT11 IP 11	17	0.246352	-1.16044	-1.18389
OUT11 IP 11	18	-0.276512	-0.667997	-0.336148
OUT11 IP 11	19	0.27902	-1.62505	-1.1762
OUT11 IP 11	20	-0.716904	-0.145403	0.261822
OUT11 IP 11	21	0.250022	0.367883	0.118879
OUT11 IP 11	22	-0.199353	-0.0887218	0.199185
OUT11 IP 11	23	0.299644	0.00192536	0.174068
OUT11 IP 11	24	1.20252	-0.489735	0.538465
OUT11 IP 11	25	0.75566	-0.0458079	-0.146373
OUT11 IP 11	26	0.997092	-0.129437	0.55371
OUT11 IP 11	27	0.878373	-1.04112	1.25953
OUT11 IP 11	28	-1.3025	0.628949	-0.580333
OUT11 IP 11	29	-1.75631	0.0865456	-0.417485
OUT11 IP 11	30	-2.04465	0.333835	0.285545
OUT11 IP 11	31	-0.789366	-0.160015	0.0529071
OUT11 IP 11	32	0.234536	0.413621	-0.373364
OUT11 IP 11	33	-0.226581	-0.0293084	-0.138327
OUT11 IP 11	34	-2.26925	0.278549	-1.77415
OUT11 IP 11	35	0.154885	-0.0179912	0.0219471
OUT11 IP 11	36	0.582323	0.711481	0.412402
OUT11 IP 11	37	-0.0980377	0.182227	0.157705
OUT11 IP 11	38	-0.152131	0.85525	-0.502975
OUT11 IP 11	39	0.41034	-0.263067	0.17261
OUT11 JetStat	11	4	4	0	0
OUT11 JET 11	0	-13.5047	3.60436	-6.54048	
OUT11 CON	11	0	29	0	0	
OUT11 CON	11	0	0	0	0	
OUT11 CON	11	0	28	0	0	
OUT11 CON	11	0	33	0	0	
OUT11 CON	11	0	9	0	0	
OUT11 CON	11	0	34	0	0	
OUT11 CON	11	0	2	0	0	
OUT11 CON	11	0	7	0	0	
OUT11 CON	11	0	4	0	0	
OUT11 CON	11	0	13	0	0	
OUT11 JET 11	1	-4.60933	0.360774	0.232746	
OUT11 CON	11	1	31	0	0	
OUT11 CON	11	1	5	0	0	
OUT11 CON	11	1	30	0	0	
OUT11 JET 11	2	3.38936	-1.08058	1.51485	
OUT11 CON	11	2	35	0	0	
OUT11 CON	11	2	23	0	0	
OUT11 CON	11	2	26	0	0	
OUT11 CON	11	2	3	0	0	
OUT11 CON	11	2	24	0	0	
OUT11 CON	11	2	39	0	0	
OUT11 JET 11	3	0.698513	-3.37398	-2.55223	
OUT11 CON	11	3	14	0	0	
OUT11 CON	11	3	17	0	0	
OUT11 CON	11	3	19	0	0	
OUT11 END	11	0	0	0	0
