OUT172 START	172	0	0	0	0
OUT172 LP	172	0	0.156835	5.94293	2.82847
OUT172 IP 172	0	-0.195574	-0.0398114	-0.143846
OUT172 IP 172	1	0.16926	-0.239821	0.0197225
OUT172 IP 172	2	0.00816969	1.20777	-0.773426
OUT172 IP 172	3	-3.1391	0.348635	-0.209029
OUT172 IP 172	4	-0.876933	0.46047	-0.119697
OUT172 IP 172	5	-0.275003	-0.289232	0.0913492
OUT172 IP 172	6	-0.290192	0.228336	-0.173015
OUT172 IP 172	7	0.580542	-1.99157	0.474425
OUT172 IP 172	8	-0.988931	-1.02255	0.534575
OUT172 IP 172	9	0.211667	-0.832275	0.0644127
OUT172 IP 172	10	0.930675	-1.96246	-0.556103
OUT172 IP 172	11	0.812025	-1.65363	-1.13999
OUT172 IP 172	12	1.50418	-0.528438	-1.40035
OUT172 IP 172	13	0.156835	5.94293	2.82847
OUT172 IP 172	14	0.705669	3.65825	1.03114
OUT172 IP 172	15	0.52329	0.418424	0.337109
OUT172 IP 172	16	0.451567	0.0856007	-0.0349686
OUT172 IP 172	17	1.44975	-0.450031	-1.55387
OUT172 IP 172	18	-1.07605	1.2052	-1.51616
OUT172 IP 172	19	-0.220766	-0.0631883	-0.0864605
OUT172 IP 172	20	-1.65284	-0.0730995	-0.0805942
OUT172 IP 172	21	-0.701854	-0.426785	0.433978
OUT172 IP 172	22	2.54829	2.08081	0.0446718
OUT172 IP 172	23	0.0362242	2.9043	0.869482
OUT172 IP 172	24	-0.262422	1.14728	0.115411
OUT172 IP 172	25	-0.0912079	0.731599	0.5556
OUT172 IP 172	26	-0.531232	0.691477	0.192338
OUT172 IP 172	27	0.28841	0.812176	0.738466
OUT172 IP 172	28	0.277192	-0.259067	-0.136233
OUT172 IP 172	29	0.311639	0.108722	0.218208
OUT172 IP 172	30	-0.250288	-0.2407	0.175578
OUT172 IP 172	31	-0.366145	0.434168	-0.301532
OUT172 IP 172	32	0.0239424	-0.246729	0.109292
OUT172 IP 172	33	0.244629	-1.3049	0.416888
OUT172 IP 172	34	-0.221095	-0.387616	0.417403
OUT172 JetStat	172	6	6	0	0
OUT172 JET 172	0	0.811092	13.2877	5.24707	
OUT172 CON	172	0	25	0	0	
OUT172 CON	172	0	14	0	0	
OUT172 CON	172	0	13	0	0	
OUT172 CON	172	0	23	0	0	
OUT172 JET 172	1	-4.80493	0.276072	-0.289613	
OUT172 CON	172	1	3	0	0	
OUT172 CON	172	1	20	0	0	
OUT172 JET 172	2	1.06221	-4.38185	1.06064	
OUT172 CON	172	2	32	0	0	
OUT172 CON	172	2	9	0	0	
OUT172 CON	172	2	7	0	0	
OUT172 CON	172	2	33	0	0	
OUT172 JET 172	3	2.03296	-3.89499	-1.8087	
OUT172 CON	172	3	28	0	0	
OUT172 CON	172	3	10	0	0	
OUT172 CON	172	3	11	0	0	
OUT172 JET 172	4	2.54829	2.08081	0.0446718	
OUT172 CON	172	4	22	0	0	
OUT172 JET 172	5	2.95443	-0.978635	-2.95013	
OUT172 CON	172	5	12	0	0	
OUT172 CON	172	5	17	0	0	
OUT172 END	172	0	0	0	0
