OUT268 START	268	0	0	0	0
OUT268 LP	268	0	-2.58805	1.67498	1.63168
OUT268 IP 268	0	-0.402583	-0.378847	-0.194793
OUT268 IP 268	1	-0.708796	-0.0168026	-0.161338
OUT268 IP 268	2	-3.26917	1.28931	2.05446
OUT268 IP 268	3	-0.827882	0.16598	0.123614
OUT268 IP 268	4	0.138077	-0.303197	-0.213629
OUT268 IP 268	5	0.455954	-0.654123	-0.654261
OUT268 IP 268	6	1.36853	-0.602329	0.0366597
OUT268 IP 268	7	1.38087	-0.393532	0.423025
OUT268 IP 268	8	0.640588	-0.0100657	-0.260276
OUT268 IP 268	9	0.594812	0.155397	-0.445237
OUT268 IP 268	10	-2.15674	1.55776	0.497918
OUT268 IP 268	11	-0.553037	0.0424792	0.0673884
OUT268 IP 268	12	-2.58805	1.67498	1.63168
OUT268 IP 268	13	-1.02115	0.366682	0.193167
OUT268 IP 268	14	-0.570599	0.0835787	0.379117
OUT268 JetStat	268	1	1	0	0
OUT268 JET 268	0	-10.5545	5.19446	4.80731	
OUT268 CON	268	0	3	0	0	
OUT268 CON	268	0	10	0	0	
OUT268 CON	268	0	13	0	0	
OUT268 CON	268	0	14	0	0	
OUT268 CON	268	0	2	0	0	
OUT268 CON	268	0	12	0	0	
OUT268 END	268	0	0	0	0
