OUT242 START	242	0	0	0	0
OUT242 LP	242	0	4.72688	-1.18635	3.23476
OUT242 IP 242	0	-0.692388	-0.204693	0.636722
OUT242 IP 242	1	-1.36184	-0.758914	-0.303807
OUT242 IP 242	2	-0.266694	0.59382	0.182864
OUT242 IP 242	3	-0.12944	-0.612831	-0.271926
OUT242 IP 242	4	-0.776801	-0.991428	0.935572
OUT242 IP 242	5	0.561781	-0.158447	-0.446601
OUT242 IP 242	6	-0.565735	0.152472	-0.282249
OUT242 IP 242	7	0.233641	-0.0291434	0.217099
OUT242 IP 242	8	2.03109	-0.846787	1.00769
OUT242 IP 242	9	1.54374	0.142082	1.12153
OUT242 IP 242	10	-0.202872	-0.341347	0.398043
OUT242 IP 242	11	-0.891585	0.491444	0.250562
OUT242 IP 242	12	0.491662	0.0848303	0.0259203
OUT242 IP 242	13	-1.22436	0.321602	-1.22561
OUT242 IP 242	14	0.40582	-0.257882	0.407633
OUT242 IP 242	15	0.767202	0.577169	0.90277
OUT242 IP 242	16	-0.956276	-1.36096	0.691108
OUT242 IP 242	17	-0.114873	-2.22256	1.1128
OUT242 IP 242	18	-0.454166	-1.97025	0.507154
OUT242 IP 242	19	0.266937	-0.0311746	0.176256
OUT242 IP 242	20	0.653707	-0.131967	0.25316
OUT242 IP 242	21	1.57459	-1.16001	1.52817
OUT242 IP 242	22	4.72688	-1.18635	3.23476
OUT242 IP 242	23	1.0329	-0.140282	0.504576
OUT242 IP 242	24	0.13145	-0.147786	-0.15986
OUT242 IP 242	25	0.709378	0.438597	-0.69435
OUT242 IP 242	26	0.0933087	-0.510193	-0.284893
OUT242 IP 242	27	-0.486454	0.159521	0.507907
OUT242 IP 242	28	0.0538734	0.171297	0.0670321
OUT242 IP 242	29	0.204493	-0.356792	-0.281104
OUT242 IP 242	30	-0.977157	-0.0307108	-0.419726
OUT242 IP 242	31	-0.169204	0.117304	-0.119853
OUT242 JetStat	242	3	3	0	0
OUT242 JET 242	0	10.6031	-2.24301	6.48035	
OUT242 CON	242	0	9	0	0	
OUT242 CON	242	0	7	0	0	
OUT242 CON	242	0	8	0	0	
OUT242 CON	242	0	20	0	0	
OUT242 CON	242	0	23	0	0	
OUT242 CON	242	0	19	0	0	
OUT242 CON	242	0	22	0	0	
OUT242 JET 242	1	-0.571263	-4.20885	1.60916	
OUT242 CON	242	1	17	0	0	
OUT242 CON	242	1	18	0	0	
OUT242 JET 242	2	-1.93749	-2.69593	1.99264	
OUT242 CON	242	2	10	0	0	
OUT242 CON	242	2	4	0	0	
OUT242 CON	242	2	16	0	0	
OUT242 END	242	0	0	0	0
