OUT5 START	5	0	0	0	0
OUT5 LP	5	0	1.39901	-4.00961	-3.75924
OUT5 IP 5	0	0.808885	1.5272	0.604277
OUT5 IP 5	1	-0.860548	2.3027	1.30779
OUT5 IP 5	2	-1.20351	3.85569	2.71315
OUT5 IP 5	3	1.39901	-4.00961	-3.75924
OUT5 IP 5	4	0.0812757	-0.992555	-0.550753
OUT5 IP 5	5	1.72237	-3.16493	-2.94359
OUT5 IP 5	6	-0.323865	0.661566	-0.523575
OUT5 IP 5	7	-0.0767311	-0.422182	0.203654
OUT5 IP 5	8	0.571913	-0.129907	-0.0676248
OUT5 IP 5	9	0.295625	0.386021	-0.155014
OUT5 IP 5	10	0.171718	1.455	0.55172
OUT5 IP 5	11	-0.0151816	0.187578	0.091656
OUT5 IP 5	12	0.407841	0.279354	0.203437
OUT5 IP 5	13	-0.370336	0.598588	0.491393
OUT5 IP 5	14	-0.106088	-1.78837	-1.2282
OUT5 IP 5	15	0.542987	-2.01508	-1.81761
OUT5 IP 5	16	-0.0808661	0.240128	-0.242049
OUT5 IP 5	17	0.115857	0.332081	0.0577365
OUT5 IP 5	18	0.401505	-0.0305859	0.203279
OUT5 JetStat	5	3	3	0	0
OUT5 JET 5	0	3.77289	-10.2611	-9.04805	
OUT5 CON	5	0	4	0	0	
OUT5 CON	5	0	5	0	0	
OUT5 CON	5	0	3	0	0	
OUT5 CON	5	0	15	0	0	
OUT5 JET 5	1	-2.45864	6.96846	4.59565	
OUT5 CON	5	1	11	0	0	
OUT5 CON	5	1	13	0	0	
OUT5 CON	5	1	1	0	0	
OUT5 CON	5	1	2	0	0	
OUT5 JET 5	2	1.11282	3.36581	1.21197	
OUT5 CON	5	2	10	0	0	
OUT5 CON	5	2	0	0	0	
OUT5 CON	5	2	17	0	0	
OUT5 END	5	0	0	0	0
