OUT193 START	193	0	0	0	0
OUT193 LP	193	0	-7.17689	-4.90474	2.91037
OUT193 IP 193	0	0.834673	0.897014	-0.214618
OUT193 IP 193	1	0.366367	-0.049907	0.141809
OUT193 IP 193	2	0.143962	-0.17492	-0.196809
OUT193 IP 193	3	-0.237781	2.02658	0.106853
OUT193 IP 193	4	-0.273934	-1.00492	0.641888
OUT193 IP 193	5	-7.17689	-4.90474	2.91037
OUT193 IP 193	6	-0.157055	0.0925016	-0.0303369
OUT193 IP 193	7	0.64343	-0.0383126	-0.324622
OUT193 IP 193	8	0.434403	-0.582263	-0.743489
OUT193 IP 193	9	0.023531	0.325715	0.0895191
OUT193 IP 193	10	0.0544165	-0.362472	0.00618936
OUT193 IP 193	11	-0.259752	0.932199	-0.107419
OUT193 IP 193	12	0.100132	-0.431223	0.0796827
OUT193 IP 193	13	-0.00454302	-2.37186	0.350036
OUT193 IP 193	14	-0.0270498	0.42934	0.0752297
OUT193 IP 193	15	-0.173566	0.20889	0.128372
OUT193 IP 193	16	-0.744387	0.48995	-0.136824
OUT193 IP 193	17	0.639749	-0.131671	0.591772
OUT193 IP 193	18	-0.168458	-0.107738	0.0981407
OUT193 IP 193	19	0.205983	0.355152	0.0584511
OUT193 IP 193	20	0.219081	-0.220498	0.113791
OUT193 IP 193	21	0.117899	-0.278046	0.241765
OUT193 IP 193	22	-3.0849	-2.19358	2.00962
OUT193 IP 193	23	-0.42756	0.140091	-0.406775
OUT193 IP 193	24	-0.158126	-0.438967	-0.0905829
OUT193 IP 193	25	-0.0871022	0.221511	-0.071287
OUT193 IP 193	26	0.0795245	0.357332	-0.146375
OUT193 IP 193	27	0.0693708	-0.272491	-0.229977
OUT193 IP 193	28	0.24913	0.142415	0.141177
OUT193 IP 193	29	-0.20744	0.0410164	-0.0337552
OUT193 JetStat	193	3	3	0	0
OUT193 JET 193	0	-10.4307	-7.20639	4.99994	
OUT193 CON	193	0	5	0	0	
OUT193 CON	193	0	18	0	0	
OUT193 CON	193	0	22	0	0	
OUT193 JET 193	1	-0.503304	3.73115	0.162941	
OUT193 CON	193	1	9	0	0	
OUT193 CON	193	1	11	0	0	
OUT193 CON	193	1	3	0	0	
OUT193 CON	193	1	14	0	0	
OUT193 JET 193	2	0.151025	-3.17751	0.435575	
OUT193 CON	193	2	12	0	0	
OUT193 CON	193	2	10	0	0	
OUT193 CON	193	2	13	0	0	
OUT193 END	193	0	0	0	0
