OUT94 START	94	0	0	0	0
OUT94 LP	94	0	5.00431	-0.213982	-0.564977
OUT94 IP 94	0	-0.877371	0.352078	0.84423
OUT94 IP 94	1	-1.38473	-0.549182	-1.19228
OUT94 IP 94	2	0.142105	0.391969	-0.0123285
OUT94 IP 94	3	5.00431	-0.213982	-0.564977
OUT94 IP 94	4	4.96573	0.455142	-0.902415
OUT94 IP 94	5	1.19467	0.536138	-1.22857
OUT94 IP 94	6	0.0123717	-0.172749	0.0360969
OUT94 IP 94	7	-1.37299	-1.69942	0.946553
OUT94 IP 94	8	-0.33314	-0.182042	-0.210386
OUT94 IP 94	9	-0.203694	-0.183455	-0.108066
OUT94 IP 94	10	-3.03487	0.229251	-1.16143
OUT94 IP 94	11	-1.2081	0.509461	-0.17451
OUT94 IP 94	12	-0.129924	0.506775	-0.187968
OUT94 IP 94	13	0.228325	0.0319916	0.144584
OUT94 IP 94	14	1.67023	0.399236	-0.195647
OUT94 IP 94	15	0.504805	0.163079	-0.398333
OUT94 IP 94	16	-0.145508	0.410515	0.292588
OUT94 IP 94	17	-0.376461	-0.338284	-0.0193397
OUT94 IP 94	18	-0.972358	-0.893825	-0.372817
OUT94 IP 94	19	-0.374035	-0.0944105	-0.195134
OUT94 IP 94	20	-0.898841	0.0671343	0.268207
OUT94 JetStat	94	2	2	0	0
OUT94 JET 94	0	11.695	0.644327	-1.6621	
OUT94 CON	94	0	14	0	0	
OUT94 CON	94	0	3	0	0	
OUT94 CON	94	0	4	0	0	
OUT94 JET 94	1	-3.42666	0.134055	-1.35562	
OUT94 CON	94	1	10	0	0	
OUT94 CON	94	1	19	0	0	
OUT94 END	94	0	0	0	0
