OUT236 START	236	0	0	0	0
OUT236 LP	236	0	10.4421	1.63126	2.55233
OUT236 IP 236	0	-1.31033	-0.164075	-0.134091
OUT236 IP 236	1	-1.98046	2.24493	0.594026
OUT236 IP 236	2	10.4421	1.63126	2.55233
OUT236 IP 236	3	-0.746059	-1.42369	0.566911
OUT236 IP 236	4	-0.953244	0.0891822	0.0538541
OUT236 IP 236	5	-0.127728	0.0811596	-0.0447546
OUT236 IP 236	6	-2.09506	-0.807336	0.513085
OUT236 IP 236	7	0.175954	0.441584	-0.403325
OUT236 IP 236	8	-0.0815643	0.478256	-0.161634
OUT236 IP 236	9	-0.044521	0.256237	-0.119295
OUT236 IP 236	10	0.022685	-0.238674	0.00381509
OUT236 IP 236	11	0.317612	0.437088	-0.220609
OUT236 IP 236	12	0.365004	0.180893	-0.115375
OUT236 IP 236	13	1.56716	0.525047	-0.0187167
OUT236 IP 236	14	-0.0831627	0.222147	0.0564134
OUT236 IP 236	15	-0.229513	0.0836563	-0.119743
OUT236 IP 236	16	0.0210552	-0.500865	0.126674
OUT236 IP 236	17	-1.501	-0.671174	0.250703
OUT236 IP 236	18	0.32953	-0.671136	0.381069
OUT236 IP 236	19	-0.746927	-0.213675	0.439322
OUT236 IP 236	20	-0.136483	0.470722	0.387408
OUT236 IP 236	21	-0.621799	-0.459078	0.21413
OUT236 IP 236	22	-0.77283	0.0348953	-0.60378
OUT236 IP 236	23	0.282575	-0.0342282	-0.0846106
OUT236 IP 236	24	-0.476842	-0.430547	0.0693308
OUT236 IP 236	25	-0.913697	0.299754	-0.330632
OUT236 IP 236	26	1.35089	-0.229902	0.658955
OUT236 IP 236	27	0.619378	-0.0964287	0.508752
OUT236 IP 236	28	0.0899459	-0.240582	-0.0401701
OUT236 IP 236	29	0.19426	0.259184	-0.245893
OUT236 IP 236	30	-0.471298	-0.231496	-0.0410774
OUT236 IP 236	31	0.754305	-0.560097	-0.388834
OUT236 IP 236	32	0.492095	-0.269803	-0.376052
OUT236 IP 236	33	0.595847	-0.191158	0.569152
OUT236 IP 236	34	-0.384035	0.490389	0.274756
OUT236 IP 236	35	-0.148819	-0.429041	0.146691
OUT236 IP 236	36	0.395685	0.273882	-0.476538
OUT236 IP 236	37	0.223287	0.141194	0.0135904
OUT236 IP 236	38	-0.356483	-0.0800678	-0.00392937
OUT236 IP 236	39	-0.64007	-0.309961	0.176288
OUT236 IP 236	40	0.248138	0.00969169	-0.000948015
OUT236 IP 236	41	0.758594	-0.119461	0.0480589
OUT236 IP 236	42	-0.581367	0.352663	-0.0219572
OUT236 IP 236	43	-0.528786	0.148051	-0.177482
OUT236 IP 236	44	-0.204974	0.369278	0.153929
OUT236 IP 236	45	0.347837	0.457944	0.304956
OUT236 IP 236	46	0.0301828	0.287698	0.107868
OUT236 IP 236	47	0.480249	0.218837	-0.4978
OUT236 IP 236	48	0.0628652	-0.156909	-0.0403141
OUT236 IP 236	49	-0.282596	-0.141045	-0.23461
OUT236 IP 236	50	-0.384195	-0.182047	0.126929
OUT236 JetStat	236	3	3	0	0
OUT236 JET 236	0	13.0775	2.05353	2.57243	
OUT236 CON	236	0	41	0	0	
OUT236 CON	236	0	13	0	0	
OUT236 CON	236	0	2	0	0	
OUT236 CON	236	0	40	0	0	
OUT236 JET 236	1	-6.59705	-3.1986	1.30055	
OUT236 CON	236	1	24	0	0	
OUT236 CON	236	1	38	0	0	
OUT236 CON	236	1	30	0	0	
OUT236 CON	236	1	21	0	0	
OUT236 CON	236	1	17	0	0	
OUT236 CON	236	1	50	0	0	
OUT236 CON	236	1	6	0	0	
OUT236 CON	236	1	39	0	0	
OUT236 JET 236	2	-2.6647	3.34428	1.07434	
OUT236 CON	236	2	14	0	0	
OUT236 CON	236	2	44	0	0	
OUT236 CON	236	2	1	0	0	
OUT236 CON	236	2	34	0	0	
OUT236 END	236	0	0	0	0
