OUT238 START	238	0	0	0	0
OUT238 LP	238	0	-0.602777	3.6402	-0.821221
OUT238 IP 238	0	0.240683	-0.280002	0.211442
OUT238 IP 238	1	-0.194852	-0.0908563	-0.217681
OUT238 IP 238	2	-1.34049	2.37951	-0.545475
OUT238 IP 238	3	-0.602777	3.6402	-0.821221
OUT238 IP 238	4	-0.106053	0.16814	-0.101291
OUT238 IP 238	5	-0.638502	1.4544	-0.424591
OUT238 IP 238	6	0.133639	-0.367793	-0.400345
OUT238 IP 238	7	0.0284007	0.575246	0.505932
OUT238 IP 238	8	-0.539929	0.126019	0.0309285
OUT238 IP 238	9	-0.427723	0.10239	0.26874
OUT238 IP 238	10	-0.250579	-0.0970747	0.119769
OUT238 IP 238	11	-0.101268	0.472449	-0.11132
OUT238 IP 238	12	-0.0970616	0.445538	-0.0584779
OUT238 IP 238	13	-0.369049	1.98195	-0.408494
OUT238 IP 238	14	-0.0473638	1.69033	-0.519052
OUT238 IP 238	15	-0.86618	0.326898	-0.138643
OUT238 IP 238	16	-0.159247	-0.10581	-0.128511
OUT238 IP 238	17	-1.13069	0.446327	-0.192659
OUT238 IP 238	18	-0.5601	-0.808068	-0.223081
OUT238 IP 238	19	0.393918	-1.55858	0.755487
OUT238 IP 238	20	-0.398255	0.15363	0.205673
OUT238 IP 238	21	0.162515	-0.181707	0.13531
OUT238 IP 238	22	0.285646	-0.308189	0.386325
OUT238 IP 238	23	-0.232023	0.370006	-0.234735
OUT238 IP 238	24	0.88211	-0.794223	1.17336
OUT238 IP 238	25	2.13295	1.72217	-1.37749
OUT238 IP 238	26	-0.291216	0.209485	-0.107155
OUT238 IP 238	27	-0.242313	-0.302606	-0.329757
OUT238 IP 238	28	-0.431462	-0.108754	0.078795
OUT238 IP 238	29	0.179485	0.151317	-0.027125
OUT238 IP 238	30	0.0391294	0.539135	0.145433
OUT238 IP 238	31	0.193906	0.232154	0.0422147
OUT238 IP 238	32	-0.102294	-0.200508	-0.217309
OUT238 JetStat	238	2	2	0	0
OUT238 JET 238	0	-3.2454	12.2322	-2.8863	
OUT238 CON	238	0	2	0	0	
OUT238 CON	238	0	5	0	0	
OUT238 CON	238	0	14	0	0	
OUT238 CON	238	0	12	0	0	
OUT238 CON	238	0	11	0	0	
OUT238 CON	238	0	3	0	0	
OUT238 CON	238	0	13	0	0	
OUT238 JET 238	1	-2.8436	1.11554	-0.405886	
OUT238 CON	238	1	26	0	0	
OUT238 CON	238	1	8	0	0	
OUT238 CON	238	1	15	0	0	
OUT238 CON	238	1	17	0	0	
OUT238 END	238	0	0	0	0
