OUT125 START	125	0	0	0	0
OUT125 LP	125	0	-6.06889	-0.237976	-3.37731
OUT125 IP 125	0	-0.272144	0.719546	0.101722
OUT125 IP 125	1	1.5611	0.196445	0.849598
OUT125 IP 125	2	-0.223728	0.285039	-0.0598203
OUT125 IP 125	3	-0.561775	0.165794	-0.021229
OUT125 IP 125	4	-0.643395	-0.18847	-0.633799
OUT125 IP 125	5	-0.0297744	0.222154	0.165794
OUT125 IP 125	6	0.805331	-0.0733395	-0.0173874
OUT125 IP 125	7	0.29719	-0.65897	-0.548108
OUT125 IP 125	8	-0.325657	-0.254767	-0.341303
OUT125 IP 125	9	-0.65026	0.271785	0.05906
OUT125 IP 125	10	0.0718882	0.433055	-0.383748
OUT125 IP 125	11	0.235717	0.0947622	-0.254302
OUT125 IP 125	12	-0.116273	-0.106251	-0.0106914
OUT125 IP 125	13	-3.96917	0.182782	-2.45663
OUT125 IP 125	14	-6.06889	-0.237976	-3.37731
OUT125 JetStat	125	1	1	0	0
OUT125 JET 125	0	-10.0468	-0.0551902	-5.83192	
OUT125 CON	125	0	13	0	0	
OUT125 CON	125	0	14	0	0	
OUT125 END	125	0	0	0	0
