OUT185 START	185	0	0	0	0
OUT185 LP	185	0	4.84527	2.1466	3.76046
OUT185 IP 185	0	-0.0659432	1.09197	-0.0150522
OUT185 IP 185	1	-0.522049	0.517992	-0.35684
OUT185 IP 185	2	0.201009	0.336773	0.220843
OUT185 IP 185	3	0.704132	1.07756	0.745692
OUT185 IP 185	4	1.46645	1.01482	0.866175
OUT185 IP 185	5	0.464617	0.663378	0.675579
OUT185 IP 185	6	1.22975	1.34705	1.45543
OUT185 IP 185	7	1.61842	0.299404	1.44447
OUT185 IP 185	8	0.100829	0.498567	0.0736592
OUT185 IP 185	9	0.90192	0.0367654	0.507729
OUT185 IP 185	10	0.0650934	0.398016	-0.284528
OUT185 IP 185	11	0.178674	0.195358	-0.206839
OUT185 IP 185	12	0.30188	0.281763	0.0662826
OUT185 IP 185	13	0.00751903	0.943223	0.129054
OUT185 IP 185	14	-0.145686	-0.34526	-0.112588
OUT185 IP 185	15	-0.339444	-1.16071	-0.785352
OUT185 IP 185	16	0.158035	-0.194011	0.152739
OUT185 IP 185	17	-0.251981	-0.129117	0.113486
OUT185 IP 185	18	-1.94653	-0.360044	-1.52225
OUT185 IP 185	19	0.947467	0.789763	1.03551
OUT185 IP 185	20	4.84527	2.1466	3.76046
OUT185 IP 185	21	0.625288	0.205194	0.63986
OUT185 IP 185	22	0.418436	0.608001	0.374931
OUT185 IP 185	23	0.253433	-0.0519021	-0.138084
OUT185 IP 185	24	0.130789	0.289479	-0.00681255
OUT185 IP 185	25	0.435506	0.319518	-0.315324
OUT185 IP 185	26	-0.314087	0.126453	-0.052821
OUT185 IP 185	27	-0.00941079	1.67107	-0.721962
OUT185 IP 185	28	0.565216	-0.105033	0.157984
OUT185 IP 185	29	-0.708929	0.657394	-0.117111
OUT185 IP 185	30	0.928881	-0.0986915	-0.0471725
OUT185 IP 185	31	0.0893958	0.158893	0.0761589
OUT185 IP 185	32	0.114137	0.375658	0.121444
OUT185 IP 185	33	0.873095	0.78387	0.72413
OUT185 IP 185	34	-0.0926008	-0.225735	0.00940554
OUT185 IP 185	35	0.0753161	0.33791	-0.0392276
OUT185 JetStat	185	3	3	0	0
OUT185 JET 185	0	11.8427	6.72226	9.87388	
OUT185 CON	185	0	6	0	0	
OUT185 CON	185	0	33	0	0	
OUT185 CON	185	0	4	0	0	
OUT185 CON	185	0	19	0	0	
OUT185 CON	185	0	7	0	0	
OUT185 CON	185	0	20	0	0	
OUT185 CON	185	0	21	0	0	
OUT185 JET 185	1	1.99916	3.23435	2.19541	
OUT185 CON	185	1	32	0	0	
OUT185 CON	185	1	5	0	0	
OUT185 CON	185	1	31	0	0	
OUT185 CON	185	1	22	0	0	
OUT185 CON	185	1	2	0	0	
OUT185 CON	185	1	3	0	0	
OUT185 JET 185	2	0.253495	3.19971	0.141097	
OUT185 CON	185	2	24	0	0	
OUT185 CON	185	2	35	0	0	
OUT185 CON	185	2	8	0	0	
OUT185 CON	185	2	0	0	0	
OUT185 CON	185	2	13	0	0	
OUT185 END	185	0	0	0	0
