OUT152 START	152	0	0	0	0
OUT152 LP	152	0	2.02324	2.46414	1.36951
OUT152 IP 152	0	1.42291	-1.18977	1.79765
OUT152 IP 152	1	1.72027	-1.10891	-0.96979
OUT152 IP 152	2	0.524505	-0.448757	0.353658
OUT152 IP 152	3	0.0974084	-0.384288	0.225442
OUT152 IP 152	4	0.235889	-0.0641061	0.211427
OUT152 IP 152	5	0.509627	0.0193067	0.33698
OUT152 IP 152	6	0.612636	0.384456	0.567987
OUT152 IP 152	7	1.60881	1.84357	1.20868
OUT152 IP 152	8	-1.24951	-0.951783	-0.992216
OUT152 IP 152	9	0.101678	0.700841	0.0438982
OUT152 IP 152	10	-1.24343	1.75874	0.86111
OUT152 IP 152	11	0.455472	0.658543	-0.628348
OUT152 IP 152	12	-0.462499	0.377549	0.338699
OUT152 IP 152	13	-0.346156	0.903187	0.870003
OUT152 IP 152	14	-0.268328	-0.340501	0.234621
OUT152 IP 152	15	0.091145	0.304206	-0.00193441
OUT152 IP 152	16	-0.534726	0.227981	0.353526
OUT152 IP 152	17	0.221465	0.227251	-0.269962
OUT152 IP 152	18	-0.182108	-0.0255109	-0.0487194
OUT152 IP 152	19	0.654835	0.341911	0.355996
OUT152 IP 152	20	1.7014	2.65458	2.49091
OUT152 IP 152	21	2.02324	2.46414	1.36951
OUT152 IP 152	22	1.19903	2.04387	1.26663
OUT152 IP 152	23	-0.32	-0.246418	0.0638953
OUT152 IP 152	24	-0.16454	-0.145634	-0.203162
OUT152 IP 152	25	-0.178546	-0.626946	-0.260857
OUT152 IP 152	26	0.0915492	0.628552	0.33372
OUT152 IP 152	27	0.289058	0.319595	0.228882
OUT152 IP 152	28	-0.606966	1.04967	-0.531042
OUT152 IP 152	29	-1.32222	0.794419	-0.266269
OUT152 IP 152	30	-0.236018	1.28563	-0.349087
OUT152 IP 152	31	-0.362139	-0.200731	0.332518
OUT152 IP 152	32	-0.162635	-0.293801	0.0810922
OUT152 IP 152	33	-0.0928868	0.319227	0.0548503
OUT152 IP 152	34	0.0146727	0.633175	-0.452327
OUT152 JetStat	152	1	1	0	0
OUT152 JET 152	0	6.84175	9.35356	6.51439	
OUT152 CON	152	0	20	0	0	
OUT152 CON	152	0	22	0	0	
OUT152 CON	152	0	21	0	0	
OUT152 CON	152	0	7	0	0	
OUT152 CON	152	0	27	0	0	
OUT152 END	152	0	0	0	0
