OUT68 START	68	0	0	0	0
OUT68 LP	68	0	-1.79451	-2.70537	-2.29758
OUT68 IP 68	0	-0.846324	0.326092	0.557678
OUT68 IP 68	1	-0.15989	0.119404	-0.192016
OUT68 IP 68	2	0.213002	0.143164	-0.238978
OUT68 IP 68	3	-1.56146	-2.32124	-2.44156
OUT68 IP 68	4	-0.470609	-0.232009	-0.390896
OUT68 IP 68	5	-2.01472	-3.44291	-3.49157
OUT68 IP 68	6	-0.882143	-1.59434	-0.366145
OUT68 IP 68	7	0.865957	-0.126818	0.437172
OUT68 IP 68	8	0.158571	1.35497	1.01298
OUT68 IP 68	9	0.87453	0.497121	-0.485745
OUT68 IP 68	10	-1.30007	-1.69729	-1.47021
OUT68 IP 68	11	-1.79451	-2.70537	-2.29758
OUT68 IP 68	12	0.165075	-0.29675	0.17409
OUT68 IP 68	13	-0.343509	-0.594486	-0.527059
OUT68 JetStat	68	1	1	0	0
OUT68 JET 68	0	-7.02098	-10.7715	-10.2055	
OUT68 CON	68	0	10	0	0	
OUT68 CON	68	0	11	0	0	
OUT68 CON	68	0	13	0	0	
OUT68 CON	68	0	3	0	0	
OUT68 CON	68	0	5	0	0	
OUT68 END	68	0	0	0	0
