OUT228 START	228	0	0	0	0
OUT228 LP	228	0	-2.84594	5.11076	-1.44111
OUT228 IP 228	0	-1.69125	-2.7577	2.10575
OUT228 IP 228	1	-1.84561	-2.88541	1.41864
OUT228 IP 228	2	-0.741731	-0.656062	0.0973444
OUT228 IP 228	3	-0.24443	-1.72603	1.19175
OUT228 IP 228	4	-0.345882	-0.365233	0.00266711
OUT228 IP 228	5	0.300652	-0.199844	0.14878
OUT228 IP 228	6	0.454382	0.124945	0.0513968
OUT228 IP 228	7	1.48633	0.361018	1.17851
OUT228 IP 228	8	-0.0758943	0.132641	-0.0696908
OUT228 IP 228	9	0.220159	0.699282	-0.01073
OUT228 IP 228	10	-2.84594	5.11076	-1.44111
OUT228 IP 228	11	-1.32639	3.45126	-2.1668
OUT228 IP 228	12	0.343736	0.505886	-0.281978
OUT228 IP 228	13	-0.219427	-0.107285	-0.232396
OUT228 IP 228	14	1.41468	-0.336818	-0.440905
OUT228 IP 228	15	2.68691	-0.809958	-2.37432
OUT228 IP 228	16	0.0950218	0.146423	-0.0826149
OUT228 IP 228	17	0.30523	-0.368398	0.17114
OUT228 IP 228	18	0.00206949	-0.164785	0.0156155
OUT228 IP 228	19	0.393967	-0.0863917	-0.204701
OUT228 IP 228	20	0.268129	2.29383	2.34276
OUT228 IP 228	21	-0.489727	1.21358	-0.279214
OUT228 IP 228	22	-0.725264	0.908649	0.473655
OUT228 IP 228	23	0.162903	0.268983	-0.134868
OUT228 IP 228	24	-0.169898	-0.206939	-0.0726102
OUT228 IP 228	25	-0.0278498	0.309887	0.297261
OUT228 IP 228	26	0.408366	0.0786171	0.328481
OUT228 IP 228	27	-0.552943	-0.257009	-0.268872
OUT228 IP 228	28	-0.526654	-0.597361	-0.477513
OUT228 IP 228	29	-0.184608	0.307146	-0.250486
OUT228 IP 228	30	-0.129926	0.127461	-0.17897
OUT228 JetStat	228	3	3	0	0
OUT228 JET 228	0	-4.93431	10.2401	-4.15101	
OUT228 CON	228	0	29	0	0	
OUT228 CON	228	0	11	0	0	
OUT228 CON	228	0	8	0	0	
OUT228 CON	228	0	10	0	0	
OUT228 CON	228	0	21	0	0	
OUT228 JET 228	1	-3.53701	-5.64336	3.5052	
OUT228 CON	228	1	0	0	0	
OUT228 CON	228	1	1	0	0	
OUT228 JET 228	2	3.08188	-0.896621	-2.56913	
OUT228 CON	228	2	15	0	0	
OUT228 CON	228	2	19	0	0	
OUT228 END	228	0	0	0	0
