OUT24 START	24	0	0	0	0
OUT24 LP	24	0	-5.44506	-1.32509	3.43354
OUT24 IP 24	0	-1.67821	-1.26033	1.90043
OUT24 IP 24	1	-0.818974	-0.273061	0.51002
OUT24 IP 24	2	-1.65664	-0.548219	1.64333
OUT24 IP 24	3	-1.28527	-0.567931	0.455159
OUT24 IP 24	4	-4.58213	-0.543136	3.81146
OUT24 IP 24	5	0.314086	-0.950127	0.356374
OUT24 IP 24	6	-0.295748	-0.184253	0.043881
OUT24 IP 24	7	-1.33535	-0.726198	0.939509
OUT24 IP 24	8	-5.44506	-1.32509	3.43354
OUT24 IP 24	9	-0.731181	-0.342846	0.748097
OUT24 IP 24	10	0.0220118	-0.15731	-0.162642
OUT24 IP 24	11	-0.27329	0.253644	0.356955
OUT24 IP 24	12	-0.322169	-0.127639	0.110791
OUT24 IP 24	13	-0.0894893	0.864194	0.350453
OUT24 IP 24	14	0.321832	0.667915	0.513306
OUT24 IP 24	15	-0.118096	0.306902	-0.0883721
OUT24 IP 24	16	0.302783	0.4215	0.0561324
OUT24 IP 24	17	-0.0275929	-0.209433	0.0215007
OUT24 IP 24	18	0.0196013	0.358456	0.17469
OUT24 IP 24	19	-0.284891	-0.215382	-0.32808
OUT24 IP 24	20	-0.149536	-0.149129	-0.192414
OUT24 IP 24	21	-0.327341	-0.276	0.0777064
OUT24 IP 24	22	0.0799244	0.874547	-0.194209
OUT24 IP 24	23	0.227116	-0.0868688	-0.11872
OUT24 IP 24	24	0.0412296	0.219213	0.0876592
OUT24 IP 24	25	0.563099	0.180458	0.5089
OUT24 IP 24	26	-0.27613	-0.0755784	0.0209285
OUT24 JetStat	24	1	1	0	0
OUT24 JET 24	0	-16.2987	-4.48971	11.5319	
OUT24 CON	24	0	3	0	0	
OUT24 CON	24	0	12	0	0	
OUT24 CON	24	0	7	0	0	
OUT24 CON	24	0	9	0	0	
OUT24 CON	24	0	2	0	0	
OUT24 CON	24	0	4	0	0	
OUT24 CON	24	0	1	0	0	
OUT24 CON	24	0	8	0	0	
OUT24 END	24	0	0	0	0
