OUT145 START	145	0	0	0	0
OUT145 LP	145	0	2.19427	-2.18368	2.24266
OUT145 IP 145	0	0.651208	0.241602	0.381923
OUT145 IP 145	1	1.89628	-1.24376	1.545
OUT145 IP 145	2	0.82225	-1.57511	0.503209
OUT145 IP 145	3	1.06465	-1.06879	1.41944
OUT145 IP 145	4	1.09539	-0.941492	1.04109
OUT145 IP 145	5	2.58966	-1.97437	1.25956
OUT145 IP 145	6	-0.841796	0.598666	-1.03503
OUT145 IP 145	7	-0.423722	1.75751	-1.65675
OUT145 IP 145	8	0.0139989	0.284553	-0.0351726
OUT145 IP 145	9	-0.753634	0.115051	0.497999
OUT145 IP 145	10	1.40847	0.443929	0.638548
OUT145 IP 145	11	0.510411	0.24408	0.0742446
OUT145 IP 145	12	0.477529	0.0773672	-0.0742639
OUT145 IP 145	13	-0.489359	-0.950625	-1.01755
OUT145 IP 145	14	1.13129	-2.24134	-2.11873
OUT145 IP 145	15	0.181675	0.0241554	-0.0655081
OUT145 IP 145	16	-0.305109	0.0844997	-0.182912
OUT145 IP 145	17	2.19427	-2.18368	2.24266
OUT145 IP 145	18	0.263714	-0.0415881	0.112507
OUT145 IP 145	19	0.238969	-0.507001	-0.279956
OUT145 IP 145	20	-0.425454	-0.0486018	-0.213982
OUT145 IP 145	21	-1.09442	0.283706	-1.12179
OUT145 IP 145	22	0.287096	0.327607	-0.0450398
OUT145 IP 145	23	-0.0926892	-0.187141	0.158998
OUT145 IP 145	24	-0.491655	-0.0390736	-0.24706
OUT145 IP 145	25	-0.0533408	-1.49183	0.262341
OUT145 IP 145	26	-0.297264	0.0717885	-0.144076
OUT145 IP 145	27	0.168832	-0.670694	0.626931
OUT145 IP 145	28	-0.334451	0.415988	0.531239
OUT145 IP 145	29	0.784536	-0.102302	0.540509
OUT145 IP 145	30	0.366628	-0.390988	-0.502431
OUT145 IP 145	31	0.492387	-1.39332	-0.0305869
OUT145 IP 145	32	0.389128	-0.370488	0.3021
OUT145 IP 145	33	-0.536828	-0.0229036	-0.364441
OUT145 IP 145	34	0.728076	-0.137275	0.525011
OUT145 IP 145	35	-0.0966321	0.199501	-0.016324
OUT145 JetStat	145	3	3	0	0
OUT145 JET 145	0	9.25819	-7.80655	7.72444	
OUT145 CON	145	0	5	0	0	
OUT145 CON	145	0	3	0	0	
OUT145 CON	145	0	1	0	0	
OUT145 CON	145	0	32	0	0	
OUT145 CON	145	0	4	0	0	
OUT145 CON	145	0	17	0	0	
OUT145 JET 145	1	1.74741	-3.15564	-2.88512	
OUT145 CON	145	1	30	0	0	
OUT145 CON	145	1	14	0	0	
OUT145 CON	145	1	19	0	0	
OUT145 JET 145	2	1.31787	-2.97581	0.467725	
OUT145 CON	145	2	2	0	0	
OUT145 CON	145	2	31	0	0	
OUT145 END	145	0	0	0	0
