OUT90 START	90	0	0	0	0
OUT90 LP	90	0	-1.28834	-3.71911	-0.625398
OUT90 IP 90	0	0.102952	-0.121237	0.0354457
OUT90 IP 90	1	-0.0643875	0.460312	0.132579
OUT90 IP 90	2	-0.227519	-0.264096	-0.156339
OUT90 IP 90	3	-0.0445896	-0.443362	0.203469
OUT90 IP 90	4	-1.28834	-3.71911	-0.625398
OUT90 IP 90	5	0.259003	-0.699094	-0.293622
OUT90 IP 90	6	-0.507147	-2.01413	-0.823548
OUT90 IP 90	7	-0.0427027	-0.440229	-0.431145
OUT90 IP 90	8	0.0967573	-0.333627	0.14756
OUT90 IP 90	9	0.246941	1.0382	-0.121435
OUT90 IP 90	10	0.481847	-0.0748001	0.146298
OUT90 IP 90	11	-0.411594	-2.12737	-0.664496
OUT90 IP 90	12	-0.524715	-1.78473	0.00750088
OUT90 IP 90	13	0.0542073	0.242091	-0.185619
OUT90 IP 90	14	0.274171	-0.325491	-0.37898
OUT90 IP 90	15	0.0689438	-0.243992	0.12361
OUT90 IP 90	16	0.102969	2.80742	-2.46936
OUT90 IP 90	17	-0.35659	-0.72488	0.260254
OUT90 IP 90	18	-0.0391564	-0.262366	-0.000380093
OUT90 IP 90	19	-0.152089	-0.479336	0.165042
OUT90 IP 90	20	-0.610309	-0.851549	0.392466
OUT90 JetStat	90	2	2	0	0
OUT90 JET 90	0	-2.7755	-9.9245	-2.08756	
OUT90 CON	90	0	6	0	0	
OUT90 CON	90	0	11	0	0	
OUT90 CON	90	0	18	0	0	
OUT90 CON	90	0	4	0	0	
OUT90 CON	90	0	12	0	0	
OUT90 JET 90	1	0.15757	3.05333	-2.654	
OUT90 CON	90	1	13	0	0	
OUT90 CON	90	1	16	0	0	
OUT90 END	90	0	0	0	0
