OUT203 START	203	0	0	0	0
OUT203 LP	203	0	2.96185	-5.45217	1.13332
OUT203 IP 203	0	0.403725	0.0807701	-0.324545
OUT203 IP 203	1	-0.137033	0.432308	0.146033
OUT203 IP 203	2	0.166976	-0.0831073	0.0848311
OUT203 IP 203	3	-0.0593325	0.23967	-0.163473
OUT203 IP 203	4	0.277612	0.186103	0.143849
OUT203 IP 203	5	-0.629931	0.0341632	-0.226981
OUT203 IP 203	6	-2.45059	0.170674	-1.7647
OUT203 IP 203	7	-0.271709	0.440755	-0.406891
OUT203 IP 203	8	-0.235436	0.159752	0.0196197
OUT203 IP 203	9	2.32403	-2.80881	3.17606
OUT203 IP 203	10	0.258902	-0.36639	0.108956
OUT203 IP 203	11	1.00857	-1.85658	0.872265
OUT203 IP 203	12	2.96185	-5.45217	1.13332
OUT203 IP 203	13	0.70854	0.607312	0.433516
OUT203 IP 203	14	0.337354	0.276562	-0.222779
OUT203 IP 203	15	0.0447927	-0.65199	0.193645
OUT203 IP 203	16	0.157939	-0.0462493	-0.115608
OUT203 IP 203	17	0.294412	-0.110976	-0.19802
OUT203 IP 203	18	0.775673	0.868763	0.621942
OUT203 IP 203	19	-0.309611	0.907042	-0.491762
OUT203 IP 203	20	0.356688	0.525179	-0.343153
OUT203 IP 203	21	0.797417	1.45546	0.843884
OUT203 IP 203	22	0.841439	0.583029	0.240697
OUT203 IP 203	23	0.0321619	-0.174441	-0.0387846
OUT203 IP 203	24	-0.086322	0.99108	0.430825
OUT203 IP 203	25	0.358899	-0.400724	-0.0561202
OUT203 IP 203	26	0.526127	-1.6135	0.549758
OUT203 IP 203	27	-0.157384	-0.142027	0.0372099
OUT203 IP 203	28	0.108798	0.222036	0.150048
OUT203 IP 203	29	-0.191561	0.363808	0.0771248
OUT203 IP 203	30	-0.631978	-0.515901	0.409751
OUT203 IP 203	31	0.15582	0.116903	-0.0640554
OUT203 IP 203	32	0.214876	0.190295	-0.26795
OUT203 IP 203	33	-0.2937	-0.0895455	-0.119043
OUT203 IP 203	34	-0.278681	0.104667	-0.0053934
OUT203 JetStat	203	4	4	0	0
OUT203 JET 203	0	4.7675	-9.31409	2.65243	
OUT203 CON	203	0	26	0	0	
OUT203 CON	203	0	11	0	0	
OUT203 CON	203	0	10	0	0	
OUT203 CON	203	0	12	0	0	
OUT203 JET 203	1	3.57506	3.99706	2.42206	
OUT203 CON	203	1	22	0	0	
OUT203 CON	203	1	4	0	0	
OUT203 CON	203	1	13	0	0	
OUT203 CON	203	1	18	0	0	
OUT203 CON	203	1	21	0	0	
OUT203 CON	203	1	28	0	0	
OUT203 JET 203	2	2.32403	-2.80881	3.17606	
OUT203 CON	203	2	9	0	0	
OUT203 JET 203	3	-3.08058	0.204841	-1.97749	
OUT203 CON	203	3	5	0	0	
OUT203 CON	203	3	6	0	0	
OUT203 END	203	0	0	0	0
