OUT249 START	249	0	0	0	0
OUT249 LP	249	0	2.44167	-4.00668	-0.748909
OUT249 IP 249	0	2.44167	-4.00668	-0.748909
OUT249 IP 249	1	0.278911	-0.522234	-0.585315
OUT249 IP 249	2	0.733517	-1.23514	-0.940711
OUT249 IP 249	3	-0.927411	0.769479	0.412376
OUT249 IP 249	4	-0.186949	-0.138818	-0.173793
OUT249 IP 249	5	1.07571	-1.26518	-0.767782
OUT249 IP 249	6	0.192178	-0.58589	-0.193877
OUT249 IP 249	7	0.885123	-2.86233	-0.871859
OUT249 IP 249	8	0.0112675	-0.541064	0.274862
OUT249 IP 249	9	0.20215	-0.234937	0.132857
OUT249 JetStat	249	1	1	0	0
OUT249 JET 249	0	5.37926	-10.0532	-3.47489	
OUT249 CON	249	0	2	0	0	
OUT249 CON	249	0	5	0	0	
OUT249 CON	249	0	0	0	0	
OUT249 CON	249	0	6	0	0	
OUT249 CON	249	0	7	0	0	
OUT249 END	249	0	0	0	0
