OUT279 START	279	0	0	0	0
OUT279 LP	279	0	3.18836	2.03349	-2.03657
OUT279 IP 279	0	-0.360016	-0.642403	0.722681
OUT279 IP 279	1	0.0795351	-0.226214	-0.198852
OUT279 IP 279	2	-0.246378	0.0233837	0.105567
OUT279 IP 279	3	-0.0625135	-1.97338	0.271469
OUT279 IP 279	4	-0.189194	-2.4551	0.383388
OUT279 IP 279	5	1.25664	0.909649	-1.50676
OUT279 IP 279	6	-0.588071	0.531536	0.0121974
OUT279 IP 279	7	3.18836	2.03349	-2.03657
OUT279 IP 279	8	0.394844	0.0290853	0.24292
OUT279 IP 279	9	0.375703	0.409998	0.211925
OUT279 IP 279	10	0.316371	-0.161311	-0.0246438
OUT279 IP 279	11	-0.654372	-1.23785	-1.17206
OUT279 IP 279	12	-0.0194361	-0.399562	-0.379219
OUT279 IP 279	13	-0.266419	-0.614008	-0.138063
OUT279 IP 279	14	-0.546329	0.293767	0.250177
OUT279 IP 279	15	-0.761274	0.244081	-0.447314
OUT279 IP 279	16	-0.010893	-0.427348	0.075287
OUT279 IP 279	17	1.22691	-0.488067	0.252533
OUT279 IP 279	18	-0.516132	0.78483	-0.213658
OUT279 IP 279	19	0.539126	0.685471	-0.153579
OUT279 IP 279	20	-0.29732	0.382506	-0.00445003
OUT279 IP 279	21	1.18537	1.06445	-0.955937
OUT279 IP 279	22	0.329415	0.00515588	-0.056183
OUT279 IP 279	23	1.39179	1.48019	-1.6394
OUT279 IP 279	24	1.36691	0.724456	-1.09843
OUT279 IP 279	25	0.138112	0.279986	0.0351655
OUT279 IP 279	26	0.435228	0.202516	-0.21334
OUT279 IP 279	27	0.791466	0.814129	0.93522
OUT279 IP 279	28	0.174739	-0.122586	-0.117397
OUT279 IP 279	29	0.398868	-0.00858504	-0.336291
OUT279 IP 279	30	0.793501	-0.0432251	-0.0172482
OUT279 IP 279	31	-0.0245393	0.209274	0.189676
OUT279 IP 279	32	-0.031364	0.225962	-0.100333
OUT279 IP 279	33	0.187503	0.0571897	-0.142151
OUT279 JetStat	279	2	2	0	0
OUT279 JET 279	0	9.08142	6.52241	-7.52853	
OUT279 CON	279	0	33	0	0	
OUT279 CON	279	0	5	0	0	
OUT279 CON	279	0	23	0	0	
OUT279 CON	279	0	21	0	0	
OUT279 CON	279	0	24	0	0	
OUT279 CON	279	0	7	0	0	
OUT279 CON	279	0	26	0	0	
OUT279 JET 279	1	-0.262671	-4.85714	0.730094	
OUT279 CON	279	1	4	0	0	
OUT279 CON	279	1	3	0	0	
OUT279 CON	279	1	16	0	0	
OUT279 END	279	0	0	0	0
