OUT25 START	25	0	0	0	0
OUT25 LP	25	0	-2.31558	-4.0829	-0.707567
OUT25 IP 25	0	0.0438549	-0.957857	0.353476
OUT25 IP 25	1	-0.00125783	-0.674707	0.0364351
OUT25 IP 25	2	-3.42764	-3.57011	-0.094716
OUT25 IP 25	3	0.155492	0.314342	0.0180526
OUT25 IP 25	4	-0.160528	-0.271367	-0.111719
OUT25 IP 25	5	0.238219	0.17051	0.279732
OUT25 IP 25	6	-0.457719	0.827724	0.376949
OUT25 IP 25	7	-0.611885	0.0297173	-0.0320635
OUT25 IP 25	8	-2.05785	0.969857	0.870997
OUT25 IP 25	9	-0.276931	-0.455665	0.1416
OUT25 IP 25	10	-0.566788	1.22943	0.510048
OUT25 IP 25	11	-0.32596	-0.000196534	0.331036
OUT25 IP 25	12	-0.00360331	-0.424346	0.125661
OUT25 IP 25	13	-0.547891	-1.12588	0.310366
OUT25 IP 25	14	0.324476	-0.42684	0.331436
OUT25 IP 25	15	-1.23173	-2.73117	0.637116
OUT25 IP 25	16	-2.31558	-4.0829	-0.707567
OUT25 IP 25	17	-0.798792	-1.08925	0.086316
OUT25 IP 25	18	1.92096	-0.350026	-0.394024
OUT25 IP 25	19	1.97498	-0.213994	-1.44391
OUT25 IP 25	20	1.64686	-0.388924	-1.09584
OUT25 IP 25	21	0.196281	-0.483511	-0.432473
OUT25 IP 25	22	0.253204	-0.224441	0.0300497
OUT25 IP 25	23	-0.103383	-0.452168	0.249341
OUT25 IP 25	24	-0.248604	-0.0226707	0.0300249
OUT25 IP 25	25	-0.651179	0.293443	0.336918
OUT25 IP 25	26	-2.74977	0.0505813	2.01745
OUT25 IP 25	27	0.318371	-0.0840965	-0.135569
OUT25 IP 25	28	0.571802	0.647993	0.543284
OUT25 IP 25	29	0.351897	0.669534	0.169395
OUT25 IP 25	30	-0.216209	1.12696	0.62465
OUT25 IP 25	31	-0.826306	0.503275	-0.306157
OUT25 IP 25	32	0.46149	0.122478	0.384372
OUT25 IP 25	33	0.336627	-0.579453	0.173224
OUT25 IP 25	34	0.43696	-0.0267482	0.282159
OUT25 IP 25	35	-0.182059	-0.156618	-0.128593
OUT25 IP 25	36	0.236115	-0.0686869	-0.162067
OUT25 IP 25	37	0.0788395	-0.198615	-0.0836706
OUT25 IP 25	38	0.105946	0.177027	-0.139713
OUT25 IP 25	39	0.705168	1.28964	-1.29685
OUT25 IP 25	40	0.0431499	0.310672	-0.183296
OUT25 JetStat	25	4	4	0	0
OUT25 JET 25	0	-8.83985	-13.4447	0.256808	
OUT25 CON	25	0	9	0	0	
OUT25 CON	25	0	13	0	0	
OUT25 CON	25	0	15	0	0	
OUT25 CON	25	0	2	0	0	
OUT25 CON	25	0	17	0	0	
OUT25 CON	25	0	4	0	0	
OUT25 CON	25	0	16	0	0	
OUT25 JET 25	1	4.18591	-0.757434	-2.83078	
OUT25 CON	25	1	27	0	0	
OUT25 CON	25	1	19	0	0	
OUT25 CON	25	1	20	0	0	
OUT25 CON	25	1	36	0	0	
OUT25 JET 25	2	-1.25088	3.21218	1.508	
OUT25 CON	25	2	30	0	0	
OUT25 CON	25	2	6	0	0	
OUT25 CON	25	2	10	0	0	
OUT25 JET 25	3	-3.07579	0.0503854	2.343	
OUT25 CON	25	3	11	0	0	
OUT25 CON	25	3	26	0	0	
OUT25 END	25	0	0	0	0
