OUT50 START	50	0	0	0	0
OUT50 LP	50	0	3.4243	4.14333	-1.72708
OUT50 IP 50	0	-0.865871	0.767225	-0.028732
OUT50 IP 50	1	-0.0727658	0.164421	-0.177625
OUT50 IP 50	2	-0.07105	0.272583	0.0789271
OUT50 IP 50	3	-0.198269	0.515321	0.148003
OUT50 IP 50	4	1.25359	0.482721	-0.670941
OUT50 IP 50	5	1.09354	-0.409988	0.42953
OUT50 IP 50	6	0.62976	-0.127509	0.27316
OUT50 IP 50	7	-0.400384	-1.88879	-1.37053
OUT50 IP 50	8	-0.179415	-0.934939	0.179657
OUT50 IP 50	9	0.568258	-0.311413	0.238793
OUT50 IP 50	10	-0.00181726	-0.689605	0.154383
OUT50 IP 50	11	0.48097	0.990565	-0.251257
OUT50 IP 50	12	0.397576	0.543474	-0.0398912
OUT50 IP 50	13	2.70638	1.65893	-0.865743
OUT50 IP 50	14	3.4243	4.14333	-1.72708
OUT50 IP 50	15	-0.15166	0.235883	0.188095
OUT50 IP 50	16	0.809189	0.788484	-0.196936
OUT50 IP 50	17	1.01161	0.189844	-0.0181536
OUT50 IP 50	18	-0.166906	0.0191134	0.164933
OUT50 IP 50	19	0.15987	0.3158	-0.0416371
OUT50 IP 50	20	0.530472	0.176474	0.323698
OUT50 IP 50	21	0.117963	0.881024	0.575835
OUT50 IP 50	22	-0.17026	0.62501	-0.382975
OUT50 IP 50	23	-0.44208	0.957487	-0.929423
OUT50 IP 50	24	1.5635	-0.515112	-0.760069
OUT50 IP 50	25	0.947074	0.137435	-0.0467677
OUT50 IP 50	26	0.0579873	-0.31375	0.0961423
OUT50 IP 50	27	-0.100605	-1.51964	1.28599
OUT50 IP 50	28	-0.222024	0.164333	0.0638385
OUT50 IP 50	29	-0.116098	-0.109195	-0.129463
OUT50 IP 50	30	1.05418	-0.609437	-0.538193
OUT50 IP 50	31	1.4195	-0.417854	0.00562801
OUT50 IP 50	32	-0.0630817	0.219511	0.0586683
OUT50 IP 50	33	0.186752	0.00641139	-0.0914449
OUT50 JetStat	50	2	2	0	0
OUT50 JET 50	0	8.11301	8.57936	-3.11557	
OUT50 CON	50	0	13	0	0	
OUT50 CON	50	0	19	0	0	
OUT50 CON	50	0	11	0	0	
OUT50 CON	50	0	12	0	0	
OUT50 CON	50	0	14	0	0	
OUT50 CON	50	0	16	0	0	
OUT50 JET 50	1	3.72687	-1.27249	0.933788	
OUT50 CON	50	1	31	0	0	
OUT50 CON	50	1	6	0	0	
OUT50 CON	50	1	5	0	0	
OUT50 CON	50	1	9	0	0	
OUT50 END	50	0	0	0	0
