OUT290 START	290	0	0	0	0
OUT290 LP	290	0	-2.51087	-2.20582	-2.49086
OUT290 IP 290	0	0.299222	-0.0762167	-0.0611151
OUT290 IP 290	1	-0.107208	-0.473524	-0.033683
OUT290 IP 290	2	0.171983	-0.259553	-0.203221
OUT290 IP 290	3	0.276217	-1.22848	-0.305582
OUT290 IP 290	4	0.445505	0.528715	-0.159952
OUT290 IP 290	5	0.0503651	0.629975	0.0195085
OUT290 IP 290	6	-0.709753	0.27123	0.0556564
OUT290 IP 290	7	-2.59158	0.596646	-0.478028
OUT290 IP 290	8	-1.08123	0.515547	-0.145728
OUT290 IP 290	9	-2.22177	0.581094	-0.195546
OUT290 IP 290	10	-0.54667	0.139519	0.0490928
OUT290 IP 290	11	-0.318052	-0.0250284	0.177309
OUT290 IP 290	12	-0.702621	0.0428957	0.307665
OUT290 IP 290	13	0.16979	-0.486036	-0.131566
OUT290 IP 290	14	0.0920941	-0.238409	-0.0180018
OUT290 IP 290	15	0.741004	-0.273886	0.752284
OUT290 IP 290	16	0.326238	-0.0639344	-0.106673
OUT290 IP 290	17	0.362992	-0.254293	0.0360075
OUT290 IP 290	18	0.32828	-0.402542	-0.0567063
OUT290 IP 290	19	1.12912	-0.213686	0.0817388
OUT290 IP 290	20	0.260307	-0.665831	-0.483682
OUT290 IP 290	21	-0.00124441	-0.766509	-0.34322
OUT290 IP 290	22	-0.358051	-0.758622	0.516376
OUT290 IP 290	23	-0.250938	-0.522109	-0.311733
OUT290 IP 290	24	-0.610173	0.187712	0.186876
OUT290 IP 290	25	-1.77843	0.609648	-0.392921
OUT290 IP 290	26	-1.99159	0.805273	0.240074
OUT290 IP 290	27	-0.309525	0.0896836	-0.0711876
OUT290 IP 290	28	-0.25301	0.736646	0.224616
OUT290 IP 290	29	-1.10367	0.625004	-0.236696
OUT290 IP 290	30	-0.646817	0.056428	-0.595587
OUT290 IP 290	31	-0.00624664	0.367359	0.0126596
OUT290 IP 290	32	1.44989	-0.0573299	0.311001
OUT290 IP 290	33	1.91242	-0.565867	0.693793
OUT290 IP 290	34	0.211316	0.09694	0.0177063
OUT290 IP 290	35	0.32471	-0.11512	-0.139565
OUT290 IP 290	36	-1.65915	0.385541	-0.133532
OUT290 IP 290	37	-0.341243	0.0946177	-0.061892
OUT290 IP 290	38	-0.820206	0.136898	-0.110256
OUT290 IP 290	39	-0.309428	-0.00821021	-0.176948
OUT290 IP 290	40	0.0491953	-0.420727	-0.37749
OUT290 IP 290	41	-0.353316	-0.0380442	-0.246941
OUT290 IP 290	42	-2.51087	-2.20582	-2.49086
OUT290 IP 290	43	-2.04934	-0.0382113	-1.57436
OUT290 IP 290	44	1.19267	-0.1003	0.776629
OUT290 IP 290	45	1.44668	-0.355529	0.604176
OUT290 IP 290	46	0.776115	0.228286	0.548499
OUT290 IP 290	47	-0.414797	-0.125649	-0.130011
OUT290 IP 290	48	-1.61508	-0.864447	-0.326601
OUT290 JetStat	290	5	5	0	0
OUT290 JET 290	0	-15.8345	5.06232	-1.28994	
OUT290 CON	290	0	24	0	0	
OUT290 CON	290	0	6	0	0	
OUT290 CON	290	0	26	0	0	
OUT290 CON	290	0	29	0	0	
OUT290 CON	290	0	10	0	0	
OUT290 CON	290	0	8	0	0	
OUT290 CON	290	0	25	0	0	
OUT290 CON	290	0	27	0	0	
OUT290 CON	290	0	7	0	0	
OUT290 CON	290	0	37	0	0	
OUT290 CON	290	0	38	0	0	
OUT290 CON	290	0	9	0	0	
OUT290 CON	290	0	36	0	0	
OUT290 JET 290	1	7.16447	-1.29846	2.43317	
OUT290 CON	290	1	44	0	0	
OUT290 CON	290	1	19	0	0	
OUT290 CON	290	1	32	0	0	
OUT290 CON	290	1	33	0	0	
OUT290 CON	290	1	45	0	0	
OUT290 JET 290	2	0.803721	-3.41775	-1.262	
OUT290 CON	290	2	20	0	0	
OUT290 CON	290	2	21	0	0	
OUT290 CON	290	2	14	0	0	
OUT290 CON	290	2	3	0	0	
OUT290 CON	290	2	13	0	0	
OUT290 JET 290	3	-3.36374	-0.0280423	-2.58703	
OUT290 CON	290	3	30	0	0	
OUT290 CON	290	3	39	0	0	
OUT290 CON	290	3	41	0	0	
OUT290 CON	290	3	43	0	0	
OUT290 JET 290	4	-2.51087	-2.20582	-2.49086	
OUT290 CON	290	4	42	0	0	
OUT290 END	290	0	0	0	0
