OUT124 START	124	0	0	0	0
OUT124 LP	124	0	-2.92186	-1.60707	0.453214
OUT124 IP 124	0	1.24855	-0.0708969	0.631981
OUT124 IP 124	1	0.1271	-1.31204	1.02593
OUT124 IP 124	2	-1.29991	-0.780905	0.2476
OUT124 IP 124	3	-0.511818	-0.0176779	-0.177144
OUT124 IP 124	4	-0.710923	-0.0919393	-0.249887
OUT124 IP 124	5	-2.78655	-2.36755	-0.647609
OUT124 IP 124	6	0.172377	-0.196194	-0.0982479
OUT124 IP 124	7	-0.00568385	0.198019	-0.133328
OUT124 IP 124	8	0.238216	0.390629	0.416055
OUT124 IP 124	9	-0.358528	-0.147242	-0.268418
OUT124 IP 124	10	0.301262	0.402143	0.076248
OUT124 IP 124	11	0.675274	-0.0873936	0.0115882
OUT124 IP 124	12	-0.223011	-0.0760058	0.20995
OUT124 IP 124	13	-0.125777	0.354089	0.0734134
OUT124 IP 124	14	-0.438229	0.605377	0.15332
OUT124 IP 124	15	-2.92186	-1.60707	0.453214
OUT124 IP 124	16	-1.48388	-0.85909	-0.972854
OUT124 IP 124	17	-0.242029	-0.0252071	0.0689428
OUT124 IP 124	18	-0.196223	-0.177227	-0.226643
OUT124 IP 124	19	0.966993	-0.794612	-1.15023
OUT124 IP 124	20	0.458033	0.387984	-0.0444342
OUT124 IP 124	21	-0.211456	0.248661	-0.166175
OUT124 IP 124	22	0.175229	-0.246883	0.1553
OUT124 IP 124	23	-0.617828	1.51083	1.39753
OUT124 IP 124	24	0.0260628	0.227758	0.13988
OUT124 IP 124	25	-0.194124	-0.856436	-0.247335
OUT124 IP 124	26	-0.79809	-0.920452	-0.245435
OUT124 IP 124	27	-1.13753	-0.823773	0.227143
OUT124 IP 124	28	-0.279013	-0.718513	0.580663
OUT124 IP 124	29	-0.597855	-0.013688	0.0169921
OUT124 IP 124	30	0.301721	1.16619	0.551453
OUT124 IP 124	31	-0.0789451	0.659923	0.0490921
OUT124 IP 124	32	-0.377218	-0.0120388	-0.271412
OUT124 JetStat	124	1	1	0	0
OUT124 JET 124	0	-9.00306	-6.54446	0.0364332	
OUT124 CON	124	0	27	0	0	
OUT124 CON	124	0	2	0	0	
OUT124 CON	124	0	15	0	0	
OUT124 CON	124	0	5	0	0	
OUT124 CON	124	0	26	0	0	
OUT124 END	124	0	0	0	0
