OUT14 START	14	0	0	0	0
OUT14 LP	14	0	1.6183	4.72849	-2.86122
OUT14 IP 14	0	-0.657782	-0.0983393	0.562107
OUT14 IP 14	1	0.39439	-0.438811	0.336459
OUT14 IP 14	2	-1.24197	0.11572	0.408031
OUT14 IP 14	3	0.422599	1.47096	-0.154279
OUT14 IP 14	4	0.274104	0.404446	-0.243263
OUT14 IP 14	5	0.980445	4.06621	-1.37412
OUT14 IP 14	6	1.6183	4.72849	-2.86122
OUT14 IP 14	7	-0.140527	-0.146255	-0.0294296
OUT14 IP 14	8	-0.467908	-0.0526341	-0.332951
OUT14 IP 14	9	0.656848	0.00958433	-0.280615
OUT14 IP 14	10	-0.498142	0.109167	-0.505273
OUT14 IP 14	11	-0.192654	-0.149067	0.100031
OUT14 IP 14	12	-0.191454	-0.436316	0.149408
OUT14 IP 14	13	0.0822574	0.357752	-0.24056
OUT14 IP 14	14	-0.0108762	-0.667864	-0.0453179
OUT14 IP 14	15	0.674931	-1.08183	0.361455
OUT14 IP 14	16	-0.304058	-1.82415	0.154301
OUT14 IP 14	17	0.88397	-1.52671	0.590275
OUT14 IP 14	18	0.809344	-0.0723364	-0.317163
OUT14 IP 14	19	2.53747	-0.290954	-2.05185
OUT14 IP 14	20	2.99698	0.127658	-1.22355
OUT14 IP 14	21	-0.437746	0.379203	0.338458
OUT14 IP 14	22	-0.0520907	0.377979	-0.199399
OUT14 IP 14	23	-1.13671	0.478342	0.538083
OUT14 IP 14	24	-0.351868	0.0646128	0.286111
OUT14 IP 14	25	1.14338	-1.44065	0.482935
OUT14 IP 14	26	-0.139156	2.55222	2.00803
OUT14 IP 14	27	-0.209007	0.365573	0.232543
OUT14 IP 14	28	-0.242813	0.131642	-0.114292
OUT14 IP 14	29	-1.3826	0.461525	-1.29412
OUT14 IP 14	30	0.30316	0.135417	-0.0576851
OUT14 IP 14	31	-0.323702	-0.332552	0.0191979
OUT14 IP 14	32	0.21279	-0.124954	-0.1585
OUT14 IP 14	33	-0.474228	0.349202	-0.537132
OUT14 IP 14	34	-0.0442152	-0.831696	0.614133
OUT14 IP 14	35	0.396961	-0.051092	-0.34847
OUT14 IP 14	36	-0.00913538	0.645962	-0.368907
OUT14 IP 14	37	0.329766	-0.0522572	0.0474466
OUT14 IP 14	38	0.376552	-0.699438	0.126697
OUT14 IP 14	39	0.157696	-0.0516903	0.0545191
OUT14 IP 14	40	0.105202	0.216259	0.0552243
OUT14 IP 14	41	-0.0601161	0.285357	0.0339034
OUT14 IP 14	42	0.176746	-0.0556879	-0.119581
OUT14 IP 14	43	0.141343	-0.230146	-0.254696
OUT14 IP 14	44	2.99732	0.47292	-1.7177
OUT14 IP 14	45	-0.166411	-0.218074	-0.0561422
OUT14 IP 14	46	0.266472	1.23426	0.351545
OUT14 JetStat	14	3	3	0	0
OUT14 JET 14	0	3.38571	11.734	-5.18468	
OUT14 CON	14	0	3	0	0	
OUT14 CON	14	0	36	0	0	
OUT14 CON	14	0	4	0	0	
OUT14 CON	14	0	5	0	0	
OUT14 CON	14	0	6	0	0	
OUT14 CON	14	0	13	0	0	
OUT14 JET 14	1	10.6423	0.140319	-5.99575	
OUT14 CON	14	1	42	0	0	
OUT14 CON	14	1	19	0	0	
OUT14 CON	14	1	35	0	0	
OUT14 CON	14	1	44	0	0	
OUT14 CON	14	1	18	0	0	
OUT14 CON	14	1	9	0	0	
OUT14 CON	14	1	20	0	0	
OUT14 JET 14	2	3.48456	-5.20395	1.88824	
OUT14 CON	14	2	1	0	0	
OUT14 CON	14	2	38	0	0	
OUT14 CON	14	2	25	0	0	
OUT14 CON	14	2	15	0	0	
OUT14 CON	14	2	17	0	0	
OUT14 END	14	0	0	0	0
