OUT16 START	16	0	0	0	0
OUT16 LP	16	0	-11.4146	3.5248	-7.80555
OUT16 IP 16	0	-0.158341	0.671668	0.213656
OUT16 IP 16	1	-1.0245	0.591642	0.264228
OUT16 IP 16	2	-11.4146	3.5248	-7.80555
OUT16 IP 16	3	0.353503	0.311229	-0.150609
OUT16 IP 16	4	0.283764	-0.958121	-0.751125
OUT16 IP 16	5	-0.0386521	-0.375561	-0.0296635
OUT16 IP 16	6	-0.36156	0.516249	0.403463
OUT16 IP 16	7	-0.507027	-0.0794467	0.389542
OUT16 IP 16	8	-0.383626	0.0437629	-0.209225
OUT16 IP 16	9	0.336129	-0.100452	0.0973837
OUT16 IP 16	10	1.2361	0.173729	0.930659
OUT16 IP 16	11	0.857864	-0.481913	0.659351
OUT16 IP 16	12	0.545681	-0.0146736	-0.202708
OUT16 IP 16	13	0.0874789	0.23988	-0.104835
OUT16 IP 16	14	-0.296079	0.103122	-0.0155744
OUT16 IP 16	15	-0.759952	0.0885641	-0.217783
OUT16 IP 16	16	-0.206642	-0.145284	0.160034
OUT16 IP 16	17	-0.0664343	-0.758408	0.29681
OUT16 JetStat	16	1	1	0	0
OUT16 JET 16	0	-12.5755	3.66124	-8.21123	
OUT16 CON	16	0	15	0	0	
OUT16 CON	16	0	2	0	0	
OUT16 CON	16	0	8	0	0	
OUT16 END	16	0	0	0	0
