OUT43 START	43	0	0	0	0
OUT43 LP	43	0	-5.63058	0.778259	-0.904649
OUT43 IP 43	0	-0.165809	-0.0409554	0.021724
OUT43 IP 43	1	-0.546141	-0.0149618	-0.0207999
OUT43 IP 43	2	-0.154861	-0.321781	-0.12113
OUT43 IP 43	3	-1.53025	-0.0072929	0.300779
OUT43 IP 43	4	0.38439	0.65267	-0.282749
OUT43 IP 43	5	0.360762	0.759071	0.494384
OUT43 IP 43	6	-0.0268367	0.780497	-0.116285
OUT43 IP 43	7	0.0564341	-0.642868	0.272395
OUT43 IP 43	8	1.25856	-0.70489	0.908659
OUT43 IP 43	9	-0.10859	-0.169643	0.145776
OUT43 IP 43	10	0.419599	-0.0904778	0.313094
OUT43 IP 43	11	0.337391	-1.02835	0.384227
OUT43 IP 43	12	0.477434	-1.10081	0.471915
OUT43 IP 43	13	0.238285	-0.274648	0.15752
OUT43 IP 43	14	1.03875	-1.56658	-0.26257
OUT43 IP 43	15	-0.119192	0.65562	0.0701853
OUT43 IP 43	16	-0.176818	-0.0397662	-0.0306423
OUT43 IP 43	17	-2.33801	0.487125	-0.778947
OUT43 IP 43	18	0.331658	-0.206799	-0.10291
OUT43 IP 43	19	-0.163962	0.37015	-0.184758
OUT43 IP 43	20	-0.159777	0.537348	-0.169909
OUT43 IP 43	21	-5.63058	0.778259	-0.904649
OUT43 IP 43	22	-1.6157	0.429066	0.311908
OUT43 IP 43	23	-0.314704	0.00805141	0.247393
OUT43 IP 43	24	-0.716339	-0.220005	0.485138
OUT43 IP 43	25	-0.190872	-0.127967	0.0418819
OUT43 JetStat	43	1	1	0	0
OUT43 JET 43	0	-11.8896	1.63773	-1.1105	
OUT43 CON	43	0	3	0	0	
OUT43 CON	43	0	22	0	0	
OUT43 CON	43	0	16	0	0	
OUT43 CON	43	0	1	0	0	
OUT43 CON	43	0	17	0	0	
OUT43 CON	43	0	21	0	0	
OUT43 END	43	0	0	0	0
