OUT88 START	88	0	0	0	0
OUT88 LP	88	0	2.21287	-2.18987	1.50931
OUT88 IP 88	0	0.536817	-0.691298	-0.393133
OUT88 IP 88	1	2.21287	-2.18987	1.50931
OUT88 IP 88	2	0.623153	-0.666389	0.402112
OUT88 IP 88	3	1.50127	0.073749	-0.0668369
OUT88 IP 88	4	1.01096	-0.0664694	-0.487984
OUT88 IP 88	5	1.80717	-2.3533	-1.74697
OUT88 IP 88	6	0.523133	-0.843479	-0.146748
OUT88 IP 88	7	0.156156	-0.326947	-0.205527
OUT88 IP 88	8	0.27672	-0.301792	-0.108427
OUT88 IP 88	9	0.400312	-0.200883	0.248379
OUT88 IP 88	10	-1.06361	0.941371	0.237898
OUT88 IP 88	11	-0.25308	0.910699	0.345321
OUT88 IP 88	12	0.498959	1.41277	-1.11584
OUT88 IP 88	13	0.158759	1.52755	-0.887966
OUT88 IP 88	14	0.358245	-0.205124	-0.0985114
OUT88 IP 88	15	0.412903	0.284732	-0.227821
OUT88 IP 88	16	0.416173	0.318833	-0.323681
OUT88 IP 88	17	-0.759916	0.241433	0.232641
OUT88 IP 88	18	-0.174019	0.432414	-0.0191436
OUT88 IP 88	19	0.34427	0.0429082	0.310649
OUT88 IP 88	20	-0.23419	0.340688	-0.144309
OUT88 IP 88	21	0.011646	-1.581	0.979035
OUT88 IP 88	22	-0.353832	-0.394686	0.260498
OUT88 IP 88	23	-1.25597	-1.96687	1.44603
OUT88 IP 88	24	0.119955	-0.46792	0.0242775
OUT88 IP 88	25	0.144335	0.0421492	-0.117479
OUT88 IP 88	26	0.60327	-0.233337	-0.310947
OUT88 IP 88	27	0.405835	-0.979748	0.461787
OUT88 IP 88	28	0.575433	-0.0674201	0.0785415
OUT88 IP 88	29	0.441886	-0.0167208	0.299621
OUT88 IP 88	30	0.719019	-0.740453	-0.787865
OUT88 IP 88	31	0.754022	-0.467861	-0.326701
OUT88 IP 88	32	1.68912	-1.62976	-1.01519
OUT88 IP 88	33	0.292014	-0.668889	-0.106741
OUT88 IP 88	34	0.392629	-0.67605	-0.164815
OUT88 IP 88	35	0.583156	-0.989498	-0.0735285
OUT88 IP 88	36	0.774734	-0.174785	-0.0622926
OUT88 IP 88	37	0.906933	0.862671	0.612464
OUT88 IP 88	38	0.417856	0.41724	0.245484
OUT88 IP 88	39	-0.266825	0.706597	0.225581
OUT88 IP 88	40	0.178076	-0.511101	0.237167
OUT88 IP 88	41	0.114675	0.520922	0.0899024
OUT88 IP 88	42	-0.0579565	1.54475	-1.38633
OUT88 IP 88	43	0.217674	-0.202749	0.13451
OUT88 IP 88	44	-0.303301	0.00888845	-0.279965
OUT88 IP 88	45	0.241724	0.350063	-0.0712248
OUT88 IP 88	46	0.137612	0.338609	-0.0627903
OUT88 JetStat	88	3	3	0	0
OUT88 JET 88	0	7.29466	-8.32395	-4.93292	
OUT88 CON	88	0	14	0	0	
OUT88 CON	88	0	6	0	0	
OUT88 CON	88	0	34	0	0	
OUT88 CON	88	0	31	0	0	
OUT88 CON	88	0	7	0	0	
OUT88 CON	88	0	8	0	0	
OUT88 CON	88	0	30	0	0	
OUT88 CON	88	0	32	0	0	
OUT88 CON	88	0	0	0	0	
OUT88 CON	88	0	5	0	0	
OUT88 JET 88	1	3.4709	-3.27336	2.29349	
OUT88 CON	88	1	9	0	0	
OUT88 CON	88	1	2	0	0	
OUT88 CON	88	1	1	0	0	
OUT88 CON	88	1	43	0	0	
OUT88 JET 88	2	0.607948	4.53938	-3.37153	
OUT88 CON	88	2	42	0	0	
OUT88 CON	88	2	12	0	0	
OUT88 CON	88	2	13	0	0	
OUT88 END	88	0	0	0	0
