OUT296 START	296	0	0	0	0
OUT296 LP	296	0	0.965097	-4.14711	2.18288
OUT296 IP 296	0	-0.0775795	-0.165901	-0.171596
OUT296 IP 296	1	0.993718	-0.0720583	0.240634
OUT296 IP 296	2	0.232699	-0.0177283	0.219302
OUT296 IP 296	3	0.125224	0.347963	0.254645
OUT296 IP 296	4	-0.180403	0.584341	-0.588588
OUT296 IP 296	5	0.284695	0.271541	0.0562225
OUT296 IP 296	6	-0.396562	0.688124	-0.361326
OUT296 IP 296	7	-0.535089	0.263474	0.402184
OUT296 IP 296	8	-0.132678	-0.878702	-0.535371
OUT296 IP 296	9	1.06826	-0.186051	-0.669739
OUT296 IP 296	10	0.485391	-0.0545052	0.259519
OUT296 IP 296	11	-0.222696	0.207185	-0.00224466
OUT296 IP 296	12	-0.0514054	-0.809049	-0.14024
OUT296 IP 296	13	0.965097	-4.14711	2.18288
OUT296 IP 296	14	0.151756	-1.91908	0.92302
OUT296 IP 296	15	0.264114	-0.332996	0.318774
OUT296 IP 296	16	0.109131	0.782587	0.578458
OUT296 IP 296	17	0.0106447	-0.150138	0.0641792
OUT296 IP 296	18	-0.304798	-1.95908	0.877891
OUT296 IP 296	19	-0.206311	0.270754	0.240968
OUT296 IP 296	20	0.22385	0.251556	-0.116677
OUT296 IP 296	21	-0.317648	-0.0991601	0.309982
OUT296 IP 296	22	-0.514242	0.429293	0.339639
OUT296 IP 296	23	0.337501	-0.057392	-0.0859602
OUT296 IP 296	24	-0.121312	-0.212818	-0.131733
OUT296 IP 296	25	0.382755	0.366424	0.159222
OUT296 IP 296	26	0.276817	0.619034	0.31174
OUT296 IP 296	27	0.658475	0.00912712	0.41359
OUT296 IP 296	28	-0.457847	0.056309	0.0741312
OUT296 IP 296	29	0.336461	0.86263	-0.279299
OUT296 IP 296	30	0.586345	-0.668219	-0.0946654
OUT296 IP 296	31	0.176048	-0.0556801	0.152486
OUT296 IP 296	32	0.058074	0.346905	-0.335401
OUT296 IP 296	33	0.869594	0.858638	-0.817498
OUT296 IP 296	34	0.266127	-2.6234	1.17429
OUT296 IP 296	35	-0.0185786	-0.921453	0.354827
OUT296 IP 296	36	-0.11282	-0.219026	-0.218652
OUT296 IP 296	37	-0.123371	0.161377	-0.0162199
OUT296 IP 296	38	0.341551	-0.051456	-0.0128369
OUT296 IP 296	39	-0.453215	-0.495665	-0.476708
OUT296 IP 296	40	0.108604	1.29899	-0.383223
OUT296 IP 296	41	0.225171	0.636354	-0.394027
OUT296 JetStat	296	1	1	0	0
OUT296 JET 296	0	1.07663	-11.8258	5.57366	
OUT296 CON	296	0	18	0	0	
OUT296 CON	296	0	13	0	0	
OUT296 CON	296	0	35	0	0	
OUT296 CON	296	0	14	0	0	
OUT296 CON	296	0	17	0	0	
OUT296 CON	296	0	34	0	0	
OUT296 END	296	0	0	0	0
