OUT165 START	165	0	0	0	0
OUT165 LP	165	0	4.97701	-1.80048	1.38151
OUT165 IP 165	0	0.994263	-0.385135	0.242714
OUT165 IP 165	1	4.97701	-1.80048	1.38151
OUT165 IP 165	2	0.372106	0.0960736	0.16123
OUT165 IP 165	3	2.64697	-1.21557	1.51069
OUT165 IP 165	4	0.22229	-0.263465	0.159322
OUT165 IP 165	5	-0.357631	0.941005	0.675663
OUT165 IP 165	6	-0.637954	0.497389	0.191722
OUT165 IP 165	7	-0.157376	-0.240402	-0.124095
OUT165 IP 165	8	0.00138187	-0.573683	-0.274057
OUT165 IP 165	9	0.211595	-0.00740649	-0.157631
OUT165 IP 165	10	0.0230037	-0.314411	-0.283775
OUT165 IP 165	11	-0.391271	-0.112946	-0.236641
OUT165 IP 165	12	0.194358	-0.00513885	0.0582206
OUT165 IP 165	13	1.3123	-0.974633	0.879615
OUT165 IP 165	14	1.93116	-1.00444	0.770607
OUT165 IP 165	15	1.90616	-1.36086	0.941814
OUT165 IP 165	16	0.935995	-0.314982	0.0840927
OUT165 IP 165	17	-0.21916	-0.0390862	-0.18324
OUT165 IP 165	18	-0.455193	0.752531	0.125964
OUT165 IP 165	19	-0.14413	-0.620712	-0.333977
OUT165 IP 165	20	-0.662817	-1.45324	-0.980569
OUT165 IP 165	21	-0.555945	0.067638	0.24131
OUT165 IP 165	22	0.808856	0.260029	0.602559
OUT165 IP 165	23	0.280059	-0.48126	0.320924
OUT165 IP 165	24	0.0791681	0.462022	-0.1691
OUT165 IP 165	25	-0.582709	-0.072707	-0.34679
OUT165 IP 165	26	-0.267559	0.452824	-0.000687622
OUT165 IP 165	27	-0.158271	0.038335	0.0426954
OUT165 IP 165	28	-0.504671	-0.333275	-0.4546
OUT165 IP 165	29	-0.236848	0.439665	-0.269595
OUT165 IP 165	30	-0.395834	0.501237	-0.0856321
OUT165 JetStat	165	1	1	0	0
OUT165 JET 165	0	14.796	-7.10324	5.76899	
OUT165 CON	165	0	13	0	0	
OUT165 CON	165	0	15	0	0	
OUT165 CON	165	0	3	0	0	
OUT165 CON	165	0	16	0	0	
OUT165 CON	165	0	14	0	0	
OUT165 CON	165	0	0	0	0	
OUT165 CON	165	0	1	0	0	
OUT165 END	165	0	0	0	0
