OUT58 START	58	0	0	0	0
OUT58 LP	58	0	2.80742	3.1466	0.0803547
OUT58 IP 58	0	0.641668	0.424039	-0.225713
OUT58 IP 58	1	1.29669	2.036	-0.295374
OUT58 IP 58	2	-0.173002	0.604968	0.0319614
OUT58 IP 58	3	-0.0554344	0.272255	-0.127438
OUT58 IP 58	4	-0.341088	0.214919	0.147674
OUT58 IP 58	5	0.00332105	0.529169	-0.332774
OUT58 IP 58	6	-0.342462	1.30588	0.683153
OUT58 IP 58	7	0.272718	0.583554	0.503524
OUT58 IP 58	8	0.132323	0.218657	0.0920078
OUT58 IP 58	9	2.1232	1.59357	0.658315
OUT58 IP 58	10	2.80742	3.1466	0.0803547
OUT58 IP 58	11	0.468716	1.6417	-0.123437
OUT58 IP 58	12	1.42221	2.57592	0.605709
OUT58 IP 58	13	0.214599	0.108091	-0.0909837
OUT58 IP 58	14	-0.364992	0.426422	-0.398559
OUT58 IP 58	15	0.231345	-0.0821699	0.121968
OUT58 IP 58	16	0.0906288	-2.0638	-2.05844
OUT58 IP 58	17	0.112394	-0.640763	-0.296104
OUT58 IP 58	18	1.14545	-2.86688	-2.497
OUT58 IP 58	19	1.58317	-2.42084	-2.37069
OUT58 IP 58	20	1.47886	-0.991053	-1.77698
OUT58 IP 58	21	1.06172	0.749591	-0.2544
OUT58 IP 58	22	0.189378	-0.0960154	0.192072
OUT58 IP 58	23	-0.0613622	-0.328176	0.211696
OUT58 IP 58	24	-0.486784	0.0359863	-0.459725
OUT58 IP 58	25	-0.287371	0.32813	0.177128
OUT58 IP 58	26	0.987339	0.449219	0.8059
OUT58 IP 58	27	0.209067	0.231468	-0.237605
OUT58 IP 58	28	0.129788	-0.488924	-0.360281
OUT58 IP 58	29	0.287044	0.0664141	-0.0962906
OUT58 IP 58	30	-0.265382	0.157922	-0.130643
OUT58 IP 58	31	1.13237	0.299119	-0.47631
OUT58 IP 58	32	0.323602	1.2374	-0.345534
OUT58 IP 58	33	-0.0327573	1.17683	0.333481
OUT58 IP 58	34	1.2642	1.6872	0.472007
OUT58 IP 58	35	-0.45569	0.621354	-0.53511
OUT58 IP 58	36	-0.424306	-0.410599	0.496361
OUT58 IP 58	37	-0.36118	-0.631238	0.0128072
OUT58 IP 58	38	0.321689	-0.300154	-0.245459
OUT58 IP 58	39	-0.15436	-2.58303	-2.5233
OUT58 IP 58	40	0.0661814	-0.212403	-0.108358
OUT58 IP 58	41	-0.693119	0.486978	-0.106071
OUT58 IP 58	42	-0.481967	-0.142502	0.144498
OUT58 IP 58	43	-0.207978	-0.283771	0.0553538
OUT58 IP 58	44	-0.0603311	0.381309	-0.229071
OUT58 IP 58	45	0.20377	0.609039	0.110828
OUT58 IP 58	46	-0.114371	-0.477258	0.0684358
OUT58 IP 58	47	0.156385	-0.500107	-0.303079
OUT58 IP 58	48	-0.0475563	0.487805	0.145535
OUT58 IP 58	49	-0.413092	-0.530296	-0.263029
OUT58 IP 58	50	-0.0306786	-0.257726	-0.110154
OUT58 IP 58	51	-0.898478	-0.66279	-0.76872
OUT58 IP 58	52	-0.80531	-0.159189	-0.294777
OUT58 IP 58	53	0.366967	-0.514471	-0.599172
OUT58 IP 58	54	-0.153864	-0.139599	-0.19842
OUT58 IP 58	55	0.190927	-0.0761726	-0.0976128
OUT58 JetStat	58	5	5	0	0
OUT58 JET 58	0	9.36688	12.0141	1.71111	
OUT58 CON	58	0	9	0	0	
OUT58 CON	58	0	1	0	0	
OUT58 CON	58	0	10	0	0	
OUT58 CON	58	0	45	0	0	
OUT58 CON	58	0	8	0	0	
OUT58 CON	58	0	12	0	0	
OUT58 CON	58	0	34	0	0	
OUT58 JET 58	1	3.4734	-7.05542	-6.22247	
OUT58 CON	58	1	40	0	0	
OUT58 CON	58	1	19	0	0	
OUT58 CON	58	1	53	0	0	
OUT58 CON	58	1	47	0	0	
OUT58 CON	58	1	18	0	0	
OUT58 CON	58	1	28	0	0	
OUT58 JET 58	2	-0.063792	-4.65299	-4.58161	
OUT58 CON	58	2	16	0	0	
OUT58 CON	58	2	39	0	0	
OUT58 JET 58	3	3.38553	1.66979	-1.1397	
OUT58 CON	58	3	29	0	0	
OUT58 CON	58	3	31	0	0	
OUT58 CON	58	3	13	0	0	
OUT58 CON	58	3	0	0	0	
OUT58 CON	58	3	21	0	0	
OUT58 JET 58	4	-0.599169	3.5971	1.18126	
OUT58 CON	58	4	2	0	0	
OUT58 CON	58	4	6	0	0	
OUT58 CON	58	4	33	0	0	
OUT58 CON	58	4	48	0	0	
OUT58 END	58	0	0	0	0
