OUT166 START	166	0	0	0	0
OUT166 LP	166	0	-5.55565	-1.087	3.28339
OUT166 IP 166	0	-1.26768	0.654928	0.116489
OUT166 IP 166	1	-0.344954	0.00917726	-0.185018
OUT166 IP 166	2	0.519275	-0.0980238	0.408374
OUT166 IP 166	3	-0.979971	-0.032782	-0.485303
OUT166 IP 166	4	2.30676	-0.237324	-0.409104
OUT166 IP 166	5	1.09023	-0.133761	0.27358
OUT166 IP 166	6	0.464791	0.160108	-0.0455423
OUT166 IP 166	7	-0.385016	-1.09764	0.147295
OUT166 IP 166	8	-0.388102	-1.07384	1.06124
OUT166 IP 166	9	-3.4676	-0.23602	2.58482
OUT166 IP 166	10	0.221377	-0.150145	0.0936948
OUT166 IP 166	11	-0.0815278	1.44988	0.892241
OUT166 IP 166	12	0.419758	0.0882066	0.199041
OUT166 IP 166	13	0.411153	0.0708858	-0.101913
OUT166 IP 166	14	0.349763	0.677882	-0.495297
OUT166 IP 166	15	-0.214739	-0.186489	0.0550941
OUT166 IP 166	16	0.83044	-2.79201	-1.77447
OUT166 IP 166	17	-0.287438	0.336384	0.0201574
OUT166 IP 166	18	-0.296105	-0.0201973	0.122672
OUT166 IP 166	19	0.675419	-1.51858	0.43577
OUT166 IP 166	20	0.313865	-0.944841	0.842892
OUT166 IP 166	21	-0.755055	-0.980083	1.11981
OUT166 IP 166	22	1.33283	-0.706223	0.517856
OUT166 IP 166	23	1.16027	-0.492382	-0.0878201
OUT166 IP 166	24	0.0847205	-0.399627	-0.303606
OUT166 IP 166	25	0.379728	-0.596587	0.291065
OUT166 IP 166	26	-0.0253269	-0.221187	0.0689843
OUT166 IP 166	27	0.942015	-0.304121	0.0667478
OUT166 IP 166	28	0.0416813	0.18347	0.0241045
OUT166 IP 166	29	0.540231	-0.0183006	-0.036795
OUT166 IP 166	30	-0.489135	-0.278107	0.57494
OUT166 IP 166	31	-0.571431	-0.118534	0.169392
OUT166 IP 166	32	-0.250821	-0.264003	-0.226159
OUT166 IP 166	33	0.55101	0.0112132	0.141001
OUT166 IP 166	34	-1.97822	-0.222249	1.28238
OUT166 IP 166	35	-5.55565	-1.087	3.28339
OUT166 IP 166	36	-2.01976	0.695563	-0.011957
OUT166 IP 166	37	-1.94467	2.1494	-1.38139
OUT166 IP 166	38	-1.40052	-0.369744	0.496794
OUT166 IP 166	39	-1.28557	-0.0756026	1.1365
OUT166 JetStat	166	4	4	0	0
OUT166 JET 166	0	-14.5887	-2.13428	9.00232	
OUT166 CON	166	0	31	0	0	
OUT166 CON	166	0	38	0	0	
OUT166 CON	166	0	18	0	0	
OUT166 CON	166	0	39	0	0	
OUT166 CON	166	0	9	0	0	
OUT166 CON	166	0	34	0	0	
OUT166 CON	166	0	35	0	0	
OUT166 JET 166	1	7.08891	-1.11809	-0.155435	
OUT166 CON	166	1	33	0	0	
OUT166 CON	166	1	5	0	0	
OUT166 CON	166	1	23	0	0	
OUT166 CON	166	1	27	0	0	
OUT166 CON	166	1	13	0	0	
OUT166 CON	166	1	4	0	0	
OUT166 CON	166	1	29	0	0	
OUT166 JET 166	2	-3.29575	1.354	0.104418	
OUT166 CON	166	2	0	0	0	
OUT166 CON	166	2	36	0	0	
OUT166 JET 166	3	0.915456	-3.19275	-2.07662	
OUT166 CON	166	3	16	0	0	
OUT166 CON	166	3	24	0	0	
OUT166 END	166	0	0	0	0
