OUT136 START	136	0	0	0	0
OUT136 LP	136	0	2.0827	4.16991	3.14503
OUT136 IP 136	0	0.919577	-0.585349	0.610776
OUT136 IP 136	1	0.259002	0.233643	0.25918
OUT136 IP 136	2	0.375539	-0.107145	0.224084
OUT136 IP 136	3	0.338906	0.783243	-0.405616
OUT136 IP 136	4	0.206453	0.300212	-0.0989274
OUT136 IP 136	5	0.67449	0.428529	-0.24408
OUT136 IP 136	6	0.294725	0.897983	-0.151852
OUT136 IP 136	7	-0.658188	-0.130457	0.340722
OUT136 IP 136	8	0.0224078	0.285668	-0.12939
OUT136 IP 136	9	1.32876	1.69575	0.0250137
OUT136 IP 136	10	0.496742	3.40867	2.37326
OUT136 IP 136	11	0.621189	1.01228	0.0973166
OUT136 IP 136	12	1.39061	-0.461773	-0.907164
OUT136 IP 136	13	-0.046247	-0.724054	0.679884
OUT136 IP 136	14	0.193086	-0.131044	-0.143075
OUT136 IP 136	15	-0.556642	-0.454153	-0.0348506
OUT136 IP 136	16	-0.372604	-0.435298	0.279324
OUT136 IP 136	17	-0.126775	-0.340008	-0.146372
OUT136 IP 136	18	0.300102	1.03778	0.0417492
OUT136 IP 136	19	0.339499	0.336542	0.290201
OUT136 IP 136	20	0.560642	0.386374	-0.331148
OUT136 IP 136	21	0.98432	0.0060409	-0.583109
OUT136 IP 136	22	-0.450554	-0.046362	0.357035
OUT136 IP 136	23	0.196304	0.229055	0.0495002
OUT136 IP 136	24	0.160264	0.230301	0.108194
OUT136 IP 136	25	0.16945	0.201171	-0.105206
OUT136 IP 136	26	0.409105	1.40635	0.665281
OUT136 IP 136	27	0.949265	2.86161	1.84323
OUT136 IP 136	28	2.0827	4.16991	3.14503
OUT136 IP 136	29	0.433424	1.07292	1.00331
OUT136 IP 136	30	0.713865	3.3508	1.98451
OUT136 IP 136	31	0.20082	1.62481	0.655037
OUT136 IP 136	32	0.197671	-0.264567	0.0125715
OUT136 IP 136	33	0.36425	-0.595055	0.310572
OUT136 IP 136	34	-0.149247	-0.649164	0.180644
OUT136 JetStat	136	2	2	0	0
OUT136 JET 136	0	5.49432	18.2783	11.7247	
OUT136 CON	136	0	24	0	0	
OUT136 CON	136	0	31	0	0	
OUT136 CON	136	0	10	0	0	
OUT136 CON	136	0	26	0	0	
OUT136 CON	136	0	30	0	0	
OUT136 CON	136	0	29	0	0	
OUT136 CON	136	0	27	0	0	
OUT136 CON	136	0	28	0	0	
OUT136 JET 136	1	2.98509	5.24326	-0.0357158	
OUT136 CON	136	1	6	0	0	
OUT136 CON	136	1	18	0	0	
OUT136 CON	136	1	4	0	0	
OUT136 CON	136	1	23	0	0	
OUT136 CON	136	1	9	0	0	
OUT136 CON	136	1	11	0	0	
OUT136 END	136	0	0	0	0
