OUT132 START	132	0	0	0	0
OUT132 LP	132	0	-3.84306	0.136324	-0.482779
OUT132 IP 132	0	-1.57222	-0.277275	-0.228797
OUT132 IP 132	1	0.342202	0.321245	0.2512
OUT132 IP 132	2	0.624605	0.768002	0.320384
OUT132 IP 132	3	-0.0493217	0.940989	0.45976
OUT132 IP 132	4	1.02693	0.637481	0.0335047
OUT132 IP 132	5	-0.542801	-1.11371	0.570277
OUT132 IP 132	6	0.533004	-0.00890986	0.00646257
OUT132 IP 132	7	0.0535991	-0.755568	0.247423
OUT132 IP 132	8	-0.174967	0.0541348	0.0751779
OUT132 IP 132	9	-0.702812	-0.091165	0.0635655
OUT132 IP 132	10	-0.285771	-0.381812	-0.335103
OUT132 IP 132	11	0.251647	0.786861	0.492291
OUT132 IP 132	12	0.824002	0.710248	0.46492
OUT132 IP 132	13	0.277564	0.672527	-0.439741
OUT132 IP 132	14	-2.63213	-0.0949881	-0.349227
OUT132 IP 132	15	-0.668423	-0.191618	-0.00514519
OUT132 IP 132	16	-1.55367	-0.158152	-0.522262
OUT132 IP 132	17	-3.84306	0.136324	-0.482779
OUT132 IP 132	18	0.0663002	0.350586	0.306595
OUT132 JetStat	132	1	1	0	0
OUT132 JET 132	0	-11.0205	-0.680885	-1.51714	
OUT132 CON	132	0	15	0	0	
OUT132 CON	132	0	9	0	0	
OUT132 CON	132	0	16	0	0	
OUT132 CON	132	0	0	0	0	
OUT132 CON	132	0	14	0	0	
OUT132 CON	132	0	17	0	0	
OUT132 END	132	0	0	0	0
