OUT223 START	223	0	0	0	0
OUT223 LP	223	0	-3.81168	-2.11651	-0.951583
OUT223 IP 223	0	-0.139656	-0.176292	-0.0384593
OUT223 IP 223	1	-0.459331	0.293946	0.0957181
OUT223 IP 223	2	-0.388926	0.931371	0.863509
OUT223 IP 223	3	-0.0206881	-0.152887	-0.0725703
OUT223 IP 223	4	0.405386	0.0494663	0.182539
OUT223 IP 223	5	0.798675	0.277223	-0.184739
OUT223 IP 223	6	0.499612	-0.363594	-0.171698
OUT223 IP 223	7	0.163006	-0.284223	0.172638
OUT223 IP 223	8	-2.5681	-2.09332	-1.55341
OUT223 IP 223	9	-1.14266	-1.05441	-0.749425
OUT223 IP 223	10	-3.81168	-2.11651	-0.951583
OUT223 IP 223	11	-2.11344	-0.843379	-1.17759
OUT223 IP 223	12	-2.89099	-1.18604	0.887216
OUT223 IP 223	13	-0.196774	-1.14098	-0.110537
OUT223 IP 223	14	-0.126092	0.126919	-0.0280068
OUT223 IP 223	15	0.354386	0.257035	-0.0226705
OUT223 IP 223	16	-0.354593	0.671821	-0.0112485
OUT223 IP 223	17	-0.268843	0.150827	-0.0863192
OUT223 IP 223	18	-0.0176857	0.257744	-0.0195393
OUT223 IP 223	19	1.22699	-0.176346	-0.201526
OUT223 IP 223	20	-0.143351	-0.447777	0.463754
OUT223 IP 223	21	-0.151724	-0.56118	0.300107
OUT223 JetStat	223	2	2	0	0
OUT223 JET 223	0	-9.86541	-6.34243	-4.43709	
OUT223 CON	223	0	0	0	0	
OUT223 CON	223	0	11	0	0	
OUT223 CON	223	0	10	0	0	
OUT223 CON	223	0	8	0	0	
OUT223 CON	223	0	9	0	0	
OUT223 JET 223	1	-2.89099	-1.18604	0.887216	
OUT223 CON	223	1	12	0	0	
OUT223 END	223	0	0	0	0
