OUT64 START	64	0	0	0	0
OUT64 LP	64	0	1.68045	5.10574	1.17473
OUT64 IP 64	0	0.451114	1.66479	0.6949
OUT64 IP 64	1	0.492009	0.609749	0.0506082
OUT64 IP 64	2	0.262546	0.835674	-0.0383
OUT64 IP 64	3	0.0971955	-0.155777	-0.108945
OUT64 IP 64	4	-0.16456	0.479657	0.0845342
OUT64 IP 64	5	0.0530004	0.876399	-0.524435
OUT64 IP 64	6	0.23308	0.137072	-0.114408
OUT64 IP 64	7	-0.939532	1.43002	1.65025
OUT64 IP 64	8	-0.878691	0.394151	-0.931775
OUT64 IP 64	9	0.163754	-0.0221778	0.0509306
OUT64 IP 64	10	0.572421	-0.146709	0.55222
OUT64 IP 64	11	0.170655	-0.37683	0.176952
OUT64 IP 64	12	1.68045	5.10574	1.17473
OUT64 IP 64	13	-0.415289	-0.177668	0.0756926
OUT64 IP 64	14	0.144697	0.0706256	-0.0318418
OUT64 IP 64	15	-0.758552	0.0282873	0.108492
OUT64 IP 64	16	0.351079	0.096365	0.296696
OUT64 IP 64	17	0.402711	-0.121429	0.22002
OUT64 IP 64	18	0.239007	0.0490044	-0.241295
OUT64 IP 64	19	-0.244976	-0.256527	-0.138421
OUT64 IP 64	20	0.193662	0.134181	0.0595873
OUT64 IP 64	21	-0.0354824	0.52668	-0.350318
OUT64 IP 64	22	-0.186593	-0.127436	0.18517
OUT64 IP 64	23	0.376191	-0.733495	0.795656
OUT64 IP 64	24	0.260034	0.206769	-0.0404179
OUT64 IP 64	25	0.410483	1.08067	0.277753
OUT64 IP 64	26	0.315786	0.555676	0.21241
OUT64 IP 64	27	0.398751	0.582347	0.211917
OUT64 IP 64	28	0.319418	-0.066993	0.0950907
OUT64 JetStat	64	1	1	0	0
OUT64 JET 64	0	4.04531	10.5086	2.56969	
OUT64 CON	64	0	1	0	0	
OUT64 CON	64	0	2	0	0	
OUT64 CON	64	0	27	0	0	
OUT64 CON	64	0	26	0	0	
OUT64 CON	64	0	0	0	0	
OUT64 CON	64	0	12	0	0	
OUT64 CON	64	0	25	0	0	
OUT64 END	64	0	0	0	0
