OUT286 START	286	0	0	0	0
OUT286 LP	286	0	3.50272	1.59201	0.321937
OUT286 IP 286	0	-0.630495	-0.31305	0.463785
OUT286 IP 286	1	0.314638	-0.523884	0.494439
OUT286 IP 286	2	1.09033	0.376371	-0.573216
OUT286 IP 286	3	0.167324	1.06986	0.452761
OUT286 IP 286	4	-0.0138039	0.419734	0.275671
OUT286 IP 286	5	-0.364997	-0.0203942	0.301617
OUT286 IP 286	6	-0.308045	-0.975671	0.205095
OUT286 IP 286	7	2.97263	1.55422	0.810104
OUT286 IP 286	8	2.67258	1.28197	0.0339769
OUT286 IP 286	9	3.50272	1.59201	0.321937
OUT286 IP 286	10	1.70572	1.10193	0.399003
OUT286 IP 286	11	0.113891	0.842571	-0.396835
OUT286 IP 286	12	-0.0290946	-0.292716	-0.125132
OUT286 IP 286	13	0.5314	0.187434	0.0874302
OUT286 IP 286	14	1.19195	0.363796	0.479234
OUT286 JetStat	286	1	1	0	0
OUT286 JET 286	0	12.6099	6.09698	2.11766	
OUT286 CON	286	0	14	0	0	
OUT286 CON	286	0	10	0	0	
OUT286 CON	286	0	7	0	0	
OUT286 CON	286	0	13	0	0	
OUT286 CON	286	0	8	0	0	
OUT286 CON	286	0	9	0	0	
OUT286 END	286	0	0	0	0
