OUT121 START	121	0	0	0	0
OUT121 LP	121	0	0.267009	6.88519	-6.42577
OUT121 IP 121	0	0.637348	2.10342	-1.44024
OUT121 IP 121	1	-0.065684	0.26256	0.000819137
OUT121 IP 121	2	0.140772	-0.535097	-0.498337
OUT121 IP 121	3	0.10299	-0.411426	-0.232089
OUT121 IP 121	4	-0.829437	0.22099	-0.695143
OUT121 IP 121	5	0.0471359	0.275382	0.0311222
OUT121 IP 121	6	0.267009	6.88519	-6.42577
OUT121 IP 121	7	-0.0453962	2.47956	-2.13889
OUT121 IP 121	8	0.338135	-0.279815	-0.0910333
OUT121 IP 121	9	-0.135334	0.277186	-0.27644
OUT121 IP 121	10	-0.315949	-0.0165997	0.298184
OUT121 IP 121	11	-0.114851	0.589876	-0.0505349
OUT121 IP 121	12	0.153067	0.0202556	-0.0708991
OUT121 IP 121	13	0.246111	-0.152056	-0.0443569
OUT121 IP 121	14	-0.116186	0.915814	-0.67751
OUT121 IP 121	15	0.189341	0.240244	-0.273601
OUT121 IP 121	16	-0.050779	-0.46475	-0.0145117
OUT121 JetStat	121	1	1	0	0
OUT121 JET 121	0	0.751365	12.4687	-10.6469	
OUT121 CON	121	0	0	0	0	
OUT121 CON	121	0	14	0	0	
OUT121 CON	121	0	6	0	0	
OUT121 CON	121	0	7	0	0	
OUT121 END	121	0	0	0	0
