OUT201 START	201	0	0	0	0
OUT201 LP	201	0	2.28466	2.10507	-1.04481
OUT201 IP 201	0	-2.51452	-0.326385	1.88156
OUT201 IP 201	1	1.03277	1.83328	0.441138
OUT201 IP 201	2	1.02061	1.53544	0.120954
OUT201 IP 201	3	2.4284	2.99635	0.965662
OUT201 IP 201	4	0.317726	1.03575	-0.638807
OUT201 IP 201	5	2.28466	2.10507	-1.04481
OUT201 IP 201	6	1.54126	0.660238	-0.614078
OUT201 IP 201	7	0.552108	1.8554	-0.175513
OUT201 IP 201	8	-0.0526307	-0.226143	-0.14674
OUT201 IP 201	9	2.92231	-0.167885	-2.4201
OUT201 IP 201	10	-0.209769	0.428294	-0.237048
OUT201 IP 201	11	-0.209824	0.89206	0.0740209
OUT201 IP 201	12	-0.148337	-0.391876	-0.0795415
OUT201 IP 201	13	-0.138578	-1.35588	0.415268
OUT201 IP 201	14	0.391662	-0.840367	0.796481
OUT201 IP 201	15	0.170094	0.0513807	-0.08355
OUT201 IP 201	16	0.490416	-0.821607	0.474618
OUT201 IP 201	17	0.444678	-0.60176	-0.67236
OUT201 IP 201	18	0.123106	0.108887	-0.108525
OUT201 IP 201	19	0.567842	0.582949	0.546913
OUT201 IP 201	20	0.346395	1.35269	0.268933
OUT201 IP 201	21	0.975925	0.892243	0.117257
OUT201 IP 201	22	0.608789	2.28307	0.917039
OUT201 IP 201	23	0.583459	0.369535	0.427197
OUT201 IP 201	24	1.15064	-0.596936	-0.997247
OUT201 IP 201	25	0.300872	-0.641549	-0.252884
OUT201 IP 201	26	0.187812	-0.116113	0.186086
OUT201 IP 201	27	0.81222	-0.374971	-0.902638
OUT201 IP 201	28	-0.433694	-0.823568	-0.170219
OUT201 IP 201	29	0.888325	-1.27104	0.541877
OUT201 IP 201	30	0.0818534	-0.487488	0.474367
OUT201 IP 201	31	0.856997	-2.80581	2.11427
OUT201 IP 201	32	0.289108	-0.297661	0.325825
OUT201 IP 201	33	-0.178818	-0.15156	0.148689
OUT201 IP 201	34	0.649481	0.215825	-0.189439
OUT201 IP 201	35	0.0437049	-0.333415	-0.318992
OUT201 IP 201	36	-0.562249	-0.379932	0.66755
OUT201 IP 201	37	0.110369	0.207494	0.0461126
OUT201 IP 201	38	0.293353	0.432631	0.103096
OUT201 IP 201	39	0.284979	0.316739	0.106201
OUT201 IP 201	40	0.308643	-0.0866369	0.191009
OUT201 IP 201	41	-0.356281	0.0735563	0.164765
OUT201 IP 201	42	0.26301	0.0866458	0.000838745
OUT201 JetStat	201	4	4	0	0
OUT201 JET 201	0	7.80222	13.9754	2.8881	
OUT201 CON	201	0	7	0	0	
OUT201 CON	201	0	22	0	0	
OUT201 CON	201	0	20	0	0	
OUT201 CON	201	0	21	0	0	
OUT201 CON	201	0	2	0	0	
OUT201 CON	201	0	1	0	0	
OUT201 CON	201	0	37	0	0	
OUT201 CON	201	0	38	0	0	
OUT201 CON	201	0	3	0	0	
OUT201 CON	201	0	39	0	0	
OUT201 JET 201	1	4.85276	3.1944	-2.03644	
OUT201 CON	201	1	15	0	0	
OUT201 CON	201	1	6	0	0	
OUT201 CON	201	1	34	0	0	
OUT201 CON	201	1	5	0	0	
OUT201 CON	201	1	18	0	0	
OUT201 JET 201	2	1.83272	-4.98591	3.8376	
OUT201 CON	201	2	16	0	0	
OUT201 CON	201	2	30	0	0	
OUT201 CON	201	2	14	0	0	
OUT201 CON	201	2	31	0	0	
OUT201 JET 201	3	4.98365	-1.16494	-4.3121	
OUT201 CON	201	3	24	0	0	
OUT201 CON	201	3	9	0	0	
OUT201 CON	201	3	27	0	0	
OUT201 END	201	0	0	0	0
