OUT71 START	71	0	0	0	0
OUT71 LP	71	0	-2.95696	-2.95969	1.38775
OUT71 IP 71	0	0.112127	0.162627	-0.19192
OUT71 IP 71	1	0.391423	0.398165	0.0589723
OUT71 IP 71	2	-1.14468	0.148288	0.48236
OUT71 IP 71	3	-0.0681271	-0.279409	0.281089
OUT71 IP 71	4	0.143378	-0.586044	-0.151006
OUT71 IP 71	5	-0.275491	-0.335202	0.275869
OUT71 IP 71	6	-0.00619757	-0.590297	0.337283
OUT71 IP 71	7	0.0987647	-0.443654	-0.0274385
OUT71 IP 71	8	0.0212929	0.584355	0.403401
OUT71 IP 71	9	-0.838801	-0.429201	0.246397
OUT71 IP 71	10	0.0111827	0.204455	-0.206146
OUT71 IP 71	11	0.0892835	-0.153415	-0.0201182
OUT71 IP 71	12	1.31262	-0.335953	0.155315
OUT71 IP 71	13	0.274014	0.106768	-0.191288
OUT71 IP 71	14	-0.206122	0.341452	-0.263512
OUT71 IP 71	15	-0.120599	0.338311	-0.318238
OUT71 IP 71	16	0.553385	0.0530992	0.407098
OUT71 IP 71	17	-0.297888	-0.187678	0.0760291
OUT71 IP 71	18	-0.465481	0.416937	-0.535041
OUT71 IP 71	19	0.0209775	0.447544	0.0792909
OUT71 IP 71	20	0.421805	0.18617	-0.371265
OUT71 IP 71	21	-0.279411	-0.169608	-0.263221
OUT71 IP 71	22	0.431748	-0.148491	-0.425245
OUT71 IP 71	23	0.328555	0.445146	-0.315654
OUT71 IP 71	24	0.558736	0.160776	-0.340824
OUT71 IP 71	25	-0.260445	-0.31656	0.01006
OUT71 IP 71	26	0.397507	0.0385626	-0.10584
OUT71 IP 71	27	-0.452454	-2.18123	0.501856
OUT71 IP 71	28	-2.95696	-2.95969	1.38775
OUT71 IP 71	29	-0.0845951	-0.204963	0.0286925
OUT71 IP 71	30	1.01953	0.090925	-0.248524
OUT71 IP 71	31	-0.140556	-0.151848	0.180938
OUT71 IP 71	32	-0.14258	-0.230827	0.0201595
OUT71 IP 71	33	-2.20552	-2.14926	0.564634
OUT71 IP 71	34	-1.40697	-1.85779	0.351768
OUT71 IP 71	35	0.113037	0.297775	-0.206141
OUT71 IP 71	36	0.362593	-0.100287	-0.0118267
OUT71 JetStat	71	2	2	0	0
OUT71 JET 71	0	-8.44927	-8.52555	2.91265	
OUT71 CON	71	0	5	0	0	
OUT71 CON	71	0	9	0	0	
OUT71 CON	71	0	17	0	0	
OUT71 CON	71	0	32	0	0	
OUT71 CON	71	0	25	0	0	
OUT71 CON	71	0	34	0	0	
OUT71 CON	71	0	28	0	0	
OUT71 CON	71	0	33	0	0	
OUT71 JET 71	1	-0.545642	-2.99035	0.858539	
OUT71 CON	71	1	6	0	0	
OUT71 CON	71	1	27	0	0	
OUT71 CON	71	1	29	0	0	
OUT71 END	71	0	0	0	0
