OUT144 START	144	0	0	0	0
OUT144 LP	144	0	-3.52507	14.3813	12.6647
OUT144 IP 144	0	0.397623	2.74028	-1.6122
OUT144 IP 144	1	0.423855	1.21105	-1.29065
OUT144 IP 144	2	-0.171674	-0.156827	-0.150423
OUT144 IP 144	3	-0.311011	-0.398705	-0.38753
OUT144 IP 144	4	1.31142	0.131367	0.214923
OUT144 IP 144	5	-0.361419	-0.0881071	-0.132264
OUT144 IP 144	6	-0.595615	1.07404	0.25671
OUT144 IP 144	7	-3.52507	14.3813	12.6647
OUT144 IP 144	8	-0.245667	0.508755	0.54249
OUT144 IP 144	9	0.592439	-1.22354	-1.32278
OUT144 IP 144	10	0.966507	0.394305	0.633808
OUT144 IP 144	11	0.255035	0.00255259	-0.140571
OUT144 IP 144	12	-0.00955724	-0.158917	-0.130164
OUT144 IP 144	13	0.417736	-2.53146	1.17726
OUT144 IP 144	14	-1.18331	-1.17576	1.36547
OUT144 IP 144	15	1.68673	0.744574	0.673016
OUT144 IP 144	16	0.989131	-0.1022	0.23882
OUT144 IP 144	17	0.403169	-0.0156575	-0.269558
OUT144 IP 144	18	-0.0694616	-0.151991	9.05137e-05
OUT144 IP 144	19	-0.185829	-0.217536	-0.0108607
OUT144 IP 144	20	-0.298508	-0.56597	0.251113
OUT144 IP 144	21	-0.489402	2.3729	1.55509
OUT144 IP 144	22	-0.422671	0.370665	0.356954
OUT144 IP 144	23	-0.64922	-0.0445027	0.549725
OUT144 IP 144	24	-0.340337	0.791635	0.748176
OUT144 IP 144	25	0.174995	0.150855	0.0139205
OUT144 IP 144	26	0.807037	0.134889	-0.192709
OUT144 IP 144	27	0.583223	0.0673428	0.147852
OUT144 IP 144	28	-0.139261	0.319553	0.283454
OUT144 IP 144	29	1.04788	0.314775	0.0428975
OUT144 IP 144	30	0.27924	0.249049	-0.00972917
OUT144 IP 144	31	0.398805	-0.140807	0.365515
OUT144 JetStat	144	3	3	0	0
OUT144 JET 144	0	-4.74848	18.4024	15.7676	
OUT144 CON	144	0	8	0	0	
OUT144 CON	144	0	21	0	0	
OUT144 CON	144	0	28	0	0	
OUT144 CON	144	0	7	0	0	
OUT144 CON	144	0	24	0	0	
OUT144 JET 144	1	6.69908	1.57276	1.92306	
OUT144 CON	144	1	10	0	0	
OUT144 CON	144	1	15	0	0	
OUT144 CON	144	1	29	0	0	
OUT144 CON	144	1	16	0	0	
OUT144 CON	144	1	4	0	0	
OUT144 CON	144	1	27	0	0	
OUT144 JET 144	2	0.825159	3.96715	-2.86614	
OUT144 CON	144	2	0	0	0	
OUT144 CON	144	2	1	0	0	
OUT144 END	144	0	0	0	0
