OUT287 START	287	0	0	0	0
OUT287 LP	287	0	-8.07043	4.81512	6.44906
OUT287 IP 287	0	-2.28494	1.56514	1.74927
OUT287 IP 287	1	-0.566526	0.550084	0.355743
OUT287 IP 287	2	0.698707	0.230671	0.238594
OUT287 IP 287	3	-0.233146	-0.449011	0.146634
OUT287 IP 287	4	2.27134	-0.641933	-2.04528
OUT287 IP 287	5	0.585377	-0.195103	0.17548
OUT287 IP 287	6	0.345325	-0.21667	0.0890007
OUT287 IP 287	7	0.147093	0.261777	0.167377
OUT287 IP 287	8	-0.153509	0.190269	0.131907
OUT287 IP 287	9	-8.07043	4.81512	6.44906
OUT287 IP 287	10	-1.51202	1.087	0.534951
OUT287 IP 287	11	0.263179	0.430918	0.363037
OUT287 IP 287	12	0.327254	-0.031273	0.1432
OUT287 IP 287	13	-0.656964	0.169709	-0.379056
OUT287 IP 287	14	-0.230982	0.0875014	0.105013
OUT287 IP 287	15	0.121898	-0.375322	-0.371817
OUT287 IP 287	16	-0.203252	0.0422957	0.105899
OUT287 JetStat	287	1	1	0	0
OUT287 JET 287	0	-13.0687	8.36804	9.37242	
OUT287 CON	287	0	16	0	0	
OUT287 CON	287	0	8	0	0	
OUT287 CON	287	0	10	0	0	
OUT287 CON	287	0	1	0	0	
OUT287 CON	287	0	14	0	0	
OUT287 CON	287	0	0	0	0	
OUT287 CON	287	0	9	0	0	
OUT287 END	287	0	0	0	0
