OUT176 START	176	0	0	0	0
OUT176 LP	176	0	2.94295	-4.11008	-0.822107
OUT176 IP 176	0	0.272804	-0.0801112	0.212202
OUT176 IP 176	1	0.323013	0.327055	-0.0198385
OUT176 IP 176	2	2.94295	-4.11008	-0.822107
OUT176 IP 176	3	-1.0812	1.10257	-0.418544
OUT176 IP 176	4	-0.480725	0.429846	0.0834056
OUT176 IP 176	5	-0.478618	0.407906	0.263976
OUT176 IP 176	6	1.5786	-0.978721	-0.202901
OUT176 IP 176	7	0.273013	-0.895603	-0.0480335
OUT176 IP 176	8	-0.0896042	-0.230957	-0.158949
OUT176 IP 176	9	-1.34124	2.04202	-0.379966
OUT176 IP 176	10	-1.76906	2.7244	0.731293
OUT176 IP 176	11	-0.736534	1.35903	-0.0953993
OUT176 IP 176	12	-0.654192	1.053	-0.124424
OUT176 IP 176	13	0.222524	0.269735	0.208856
OUT176 JetStat	176	2	2	0	0
OUT176 JET 176	0	-6.09493	8.75307	-0.203173	
OUT176 CON	176	0	10	0	0	
OUT176 CON	176	0	4	0	0	
OUT176 CON	176	0	3	0	0	
OUT176 CON	176	0	11	0	0	
OUT176 CON	176	0	9	0	0	
OUT176 CON	176	0	12	0	0	
OUT176 JET 176	1	3.23583	-5.0424	-0.869562	
OUT176 CON	176	1	2	0	0	
OUT176 CON	176	1	7	0	0	
OUT176 END	176	0	0	0	0
