OUT82 START	82	0	0	0	0
OUT82 LP	82	0	1.68484	3.11834	-0.890597
OUT82 IP 82	0	0.151384	-0.591405	0.602104
OUT82 IP 82	1	0.166201	0.247552	0.148445
OUT82 IP 82	2	1.07942	2.23595	-1.43302
OUT82 IP 82	3	-0.211057	0.499692	-0.0752787
OUT82 IP 82	4	-0.436463	-0.463367	0.0578012
OUT82 IP 82	5	0.224697	-0.67466	0.113222
OUT82 IP 82	6	0.479284	-0.878668	-0.561561
OUT82 IP 82	7	-0.195397	-0.450087	-0.179865
OUT82 IP 82	8	1.44372	1.31737	-1.08048
OUT82 IP 82	9	1.58123	1.30969	-0.965167
OUT82 IP 82	10	1.68484	3.11834	-0.890597
OUT82 IP 82	11	1.13854	1.11635	-1.0636
OUT82 IP 82	12	0.26909	0.393443	-0.141297
OUT82 IP 82	13	-0.407112	-0.643245	-0.749654
OUT82 IP 82	14	0.355473	-0.563492	-0.484933
OUT82 IP 82	15	-0.214941	-0.128781	-0.0657561
OUT82 IP 82	16	-0.0106603	0.180678	0.0151159
OUT82 JetStat	82	1	1	0	0
OUT82 JET 82	0	7.31586	9.64548	-5.52162	
OUT82 CON	82	0	10	0	0	
OUT82 CON	82	0	12	0	0	
OUT82 CON	82	0	2	0	0	
OUT82 CON	82	0	11	0	0	
OUT82 CON	82	0	8	0	0	
OUT82 CON	82	0	9	0	0	
OUT82 END	82	0	0	0	0
