OUT222 START	222	0	0	0	0
OUT222 LP	222	0	4.53943	1.37492	1.08375
OUT222 IP 222	0	0.886068	-2.80797	2.83962
OUT222 IP 222	1	0.657868	-0.676712	-0.62008
OUT222 IP 222	2	1.46627	0.861818	-0.192929
OUT222 IP 222	3	2.37285	0.791917	-0.223018
OUT222 IP 222	4	0.47045	0.360038	0.540914
OUT222 IP 222	5	4.53943	1.37492	1.08375
OUT222 IP 222	6	0.926689	0.148569	0.423769
OUT222 IP 222	7	0.262771	0.311682	0.0947068
OUT222 IP 222	8	-0.501812	-0.142408	-0.321569
OUT222 IP 222	9	-0.69065	0.293289	-0.671491
OUT222 IP 222	10	-0.782319	-0.0795978	-0.747725
OUT222 IP 222	11	-2.1807	0.0383535	-0.956093
OUT222 IP 222	12	-0.954633	0.233472	-0.612853
OUT222 IP 222	13	0.0873492	-0.640289	-0.00509799
OUT222 IP 222	14	1.33114	1.24879	1.07739
OUT222 IP 222	15	0.121839	0.168724	0.0380602
OUT222 IP 222	16	0.62474	-0.811233	-0.244658
OUT222 IP 222	17	0.278265	0.278083	0.164107
OUT222 IP 222	18	-0.148348	0.540397	-0.447428
OUT222 IP 222	19	0.281391	-0.0675538	0.0333937
OUT222 IP 222	20	-0.111202	0.276336	0.241736
OUT222 IP 222	21	-0.83685	-0.565418	0.370689
OUT222 IP 222	22	-0.274458	0.245465	0.200054
OUT222 IP 222	23	-1.46853	-0.764293	-0.21862
OUT222 IP 222	24	-0.0662551	0.180472	-0.162082
OUT222 IP 222	25	-0.0181455	0.251724	-0.175486
OUT222 IP 222	26	-0.615638	-0.30079	-0.0864909
OUT222 IP 222	27	0.0538613	-0.168761	0.0762119
OUT222 IP 222	28	0.680273	0.39062	0.203683
OUT222 IP 222	29	-0.13212	-0.0842692	-0.0952082
OUT222 IP 222	30	0.396554	0.0722307	0.260474
OUT222 IP 222	31	0.451188	-0.0669681	-0.310273
OUT222 IP 222	32	-0.195464	0.0494947	-0.117958
OUT222 IP 222	33	-0.343354	0.10506	0.124375
OUT222 IP 222	34	0.380377	0.270972	0.0174249
OUT222 IP 222	35	0.651282	0.00223006	0.0456578
OUT222 JetStat	222	3	3	0	0
OUT222 JET 222	0	11.1297	3.88013	1.3372	
OUT222 CON	222	0	2	0	0	
OUT222 CON	222	0	34	0	0	
OUT222 CON	222	0	35	0	0	
OUT222 CON	222	0	3	0	0	
OUT222 CON	222	0	6	0	0	
OUT222 CON	222	0	5	0	0	
OUT222 CON	222	0	28	0	0	
OUT222 JET 222	1	-4.67235	0.100106	-2.72258	
OUT222 CON	222	1	10	0	0	
OUT222 CON	222	1	8	0	0	
OUT222 CON	222	1	11	0	0	
OUT222 CON	222	1	12	0	0	
OUT222 CON	222	1	32	0	0	
OUT222 JET 222	2	2.34695	2.20267	1.85072	
OUT222 CON	222	2	7	0	0	
OUT222 CON	222	2	4	0	0	
OUT222 CON	222	2	14	0	0	
OUT222 CON	222	2	17	0	0	
OUT222 END	222	0	0	0	0
