OUT10 START	10	0	0	0	0
OUT10 LP	10	0	5.50589	-2.40388	-3.35494
OUT10 IP 10	0	0.212958	-0.354247	-0.260041
OUT10 IP 10	1	0.422533	-0.174643	0.457965
OUT10 IP 10	2	1.08046	0.38885	0.27604
OUT10 IP 10	3	0.536719	0.163008	-0.56733
OUT10 IP 10	4	0.931354	-0.166776	0.210034
OUT10 IP 10	5	1.03137	-0.104221	0.20609
OUT10 IP 10	6	0.657206	-0.429093	-0.605538
OUT10 IP 10	7	5.50589	-2.40388	-3.35494
OUT10 IP 10	8	0.211271	-0.229248	0.106415
OUT10 IP 10	9	0.852942	-0.280306	-0.838913
OUT10 IP 10	10	0.174924	-0.256194	0.217465
OUT10 IP 10	11	-0.0151938	-0.441736	-0.389397
OUT10 IP 10	12	2.30186	-0.562763	-2.17814
OUT10 IP 10	13	0.784752	-0.00285927	-0.310968
OUT10 IP 10	14	0.187806	-0.372404	0.0993882
OUT10 IP 10	15	0.0932091	-0.226963	-0.0547929
OUT10 IP 10	16	0.129293	0.360509	-0.0608115
OUT10 IP 10	17	-0.465919	0.0236831	0.468058
OUT10 JetStat	10	1	1	0	0
OUT10 JET 10	0	9.35817	-3.69205	-6.91087	
OUT10 CON	10	0	9	0	0	
OUT10 CON	10	0	12	0	0	
OUT10 CON	10	0	6	0	0	
OUT10 CON	10	0	7	0	0	
OUT10 END	10	0	0	0	0
