OUT256 START	256	0	0	0	0
OUT256 LP	256	0	-3.28835	-2.04041	-1.93468
OUT256 IP 256	0	-2.05754	-1.20356	-1.66699
OUT256 IP 256	1	-0.098763	-0.140895	0.165114
OUT256 IP 256	2	-0.455633	-0.842672	0.322595
OUT256 IP 256	3	0.099686	-0.517446	-0.154228
OUT256 IP 256	4	-3.28835	-2.04041	-1.93468
OUT256 IP 256	5	-0.891559	-1.1164	-0.526297
OUT256 IP 256	6	-1.87857	-1.10374	-0.574947
OUT256 IP 256	7	-1.85519	-1.45313	-1.3501
OUT256 IP 256	8	-1.16189	-0.692198	0.127975
OUT256 IP 256	9	-1.03581	-0.476376	-0.49976
OUT256 IP 256	10	0.260075	-0.0890424	0.13033
OUT256 IP 256	11	0.257725	-0.678616	0.558775
OUT256 IP 256	12	-0.186973	-0.439228	0.412344
OUT256 IP 256	13	-0.0505097	0.147812	0.0515176
OUT256 JetStat	256	1	1	0	0
OUT256 JET 256	0	-11.0852	-7.45324	-6.50324	
OUT256 CON	256	0	5	0	0	
OUT256 CON	256	0	6	0	0	
OUT256 CON	256	0	9	0	0	
OUT256 CON	256	0	0	0	0	
OUT256 CON	256	0	4	0	0	
OUT256 CON	256	0	7	0	0	
OUT256 END	256	0	0	0	0
