OUT4 START	4	0	0	0	0
OUT4 LP	4	0	-0.55614	-3.49981	-2.19856
OUT4 IP 4	0	0.314722	0.550808	-0.460289
OUT4 IP 4	1	-0.230352	0.00139412	0.0496143
OUT4 IP 4	2	-0.035915	-0.95486	-0.695932
OUT4 IP 4	3	-0.381852	-0.494329	-0.185358
OUT4 IP 4	4	-0.0168716	-0.199567	0.196066
OUT4 IP 4	5	0.742814	-0.375813	0.112957
OUT4 IP 4	6	0.271247	-0.244138	-0.183136
OUT4 IP 4	7	0.812889	-0.00183283	0.588097
OUT4 IP 4	8	-0.2408	-0.789874	-0.0295754
OUT4 IP 4	9	-0.885055	-1.75765	-0.972317
OUT4 IP 4	10	-0.55614	-3.49981	-2.19856
OUT4 IP 4	11	-0.743951	-1.71471	-0.972517
OUT4 IP 4	12	-0.436133	-2.29453	-2.02601
OUT4 IP 4	13	-0.159462	0.124317	0.0499254
OUT4 IP 4	14	0.546428	0.482665	-0.732376
OUT4 IP 4	15	0.200975	-0.0297257	-0.174892
OUT4 IP 4	16	-0.147077	-0.907956	-0.440921
OUT4 IP 4	17	-0.141783	-0.343985	-0.0436683
OUT4 IP 4	18	-0.240712	-0.225424	-0.247451
OUT4 IP 4	19	-0.395042	-0.266455	-0.366345
OUT4 IP 4	20	-0.455991	0.206841	-0.330712
OUT4 JetStat	4	1	1	0	0
OUT4 JET 4	0	-2.83487	-11.2397	-7.25661	
OUT4 CON	4	0	9	0	0	
OUT4 CON	4	0	11	0	0	
OUT4 CON	4	0	12	0	0	
OUT4 CON	4	0	2	0	0	
OUT4 CON	4	0	10	0	0	
OUT4 CON	4	0	16	0	0	
OUT4 END	4	0	0	0	0
