OUT110 START	110	0	0	0	0
OUT110 LP	110	0	-5.25914	5.4604	3.72126
OUT110 IP 110	0	-2.12883	2.79447	0.60399
OUT110 IP 110	1	-0.222819	0.108958	-0.250901
OUT110 IP 110	2	-0.936073	-0.960395	0.258858
OUT110 IP 110	3	0.0314336	-0.947705	0.863378
OUT110 IP 110	4	0.0291052	-0.892198	0.875312
OUT110 IP 110	5	-1.62793	-2.19276	0.750308
OUT110 IP 110	6	0.353899	-0.0715886	0.129631
OUT110 IP 110	7	0.225304	0.541161	0.199075
OUT110 IP 110	8	-1.90222	3.33888	3.27541
OUT110 IP 110	9	-2.25596	2.26302	2.17927
OUT110 IP 110	10	0.484765	-0.511374	-0.496066
OUT110 IP 110	11	1.12079	0.129534	0.699852
OUT110 IP 110	12	-0.0425066	-0.577737	-0.503561
OUT110 IP 110	13	-0.507184	-0.337733	-0.29873
OUT110 IP 110	14	-5.25914	5.4604	3.72126
OUT110 IP 110	15	-0.407685	-0.132156	-0.0301561
OUT110 IP 110	16	0.263525	-0.52233	0.0804745
OUT110 IP 110	17	-0.471764	0.317021	0.237162
OUT110 IP 110	18	-0.0876197	0.297672	-0.318191
OUT110 IP 110	19	-0.364649	-0.169865	-0.316734
OUT110 IP 110	20	-0.677941	-1.29853	-0.611305
OUT110 IP 110	21	0.762097	-0.428745	-0.487462
OUT110 IP 110	22	0.28814	0.340556	-0.350443
OUT110 IP 110	23	0.806606	1.32006	-1.16992
OUT110 IP 110	24	-0.0670662	0.357888	-0.142154
OUT110 IP 110	25	0.359706	-0.660172	0.211846
OUT110 IP 110	26	-0.375388	0.229658	0.0584059
OUT110 IP 110	27	-0.00708972	-0.151493	0.0646287
OUT110 IP 110	28	0.158322	-0.0151521	-0.121713
OUT110 IP 110	29	0.149949	0.0467098	-0.00761576
OUT110 IP 110	30	0.102519	-0.345739	-0.224021
OUT110 IP 110	31	0.835513	0.330192	-0.918047
OUT110 IP 110	32	0.230141	-0.0316695	-0.116668
OUT110 IP 110	33	0.0726063	0.292286	-0.00176791
OUT110 JetStat	110	3	3	0	0
OUT110 JET 110	0	-9.96027	11.4656	9.33076	
OUT110 CON	110	0	8	0	0	
OUT110 CON	110	0	17	0	0	
OUT110 CON	110	0	9	0	0	
OUT110 CON	110	0	14	0	0	
OUT110 JET 110	1	-2.56919	-3.15933	1.00849	
OUT110 CON	110	1	2	0	0	
OUT110 CON	110	1	5	0	0	
OUT110 JET 110	2	-2.52321	3.04301	0.66235	
OUT110 CON	110	2	0	0	0	
OUT110 CON	110	2	26	0	0	
OUT110 END	110	0	0	0	0
