OUT262 START	262	0	0	0	0
OUT262 LP	262	0	-2.54584	-1.86895	1.28143
OUT262 IP 262	0	-2.08466	-1.26449	0.487768
OUT262 IP 262	1	0.706723	-0.131085	-0.483963
OUT262 IP 262	2	2.02212	-2.19819	-0.351147
OUT262 IP 262	3	1.18248	-0.677762	0.318862
OUT262 IP 262	4	0.461405	0.0210801	-0.290899
OUT262 IP 262	5	0.0299544	0.250252	-0.156257
OUT262 IP 262	6	-0.143455	3.278	-1.08927
OUT262 IP 262	7	0.454049	0.950982	-0.0831596
OUT262 IP 262	8	0.922402	0.759192	-0.737119
OUT262 IP 262	9	-0.658178	-1.92756	-0.283615
OUT262 IP 262	10	-0.219673	-0.711891	0.195682
OUT262 IP 262	11	-1.02271	-0.774618	-0.0627577
OUT262 IP 262	12	-0.504029	-0.922224	-0.102748
OUT262 IP 262	13	-1.48641	-1.85159	0.806784
OUT262 IP 262	14	-0.0156046	-0.555314	-0.0814888
OUT262 IP 262	15	-0.060994	0.341183	-0.131732
OUT262 IP 262	16	0.396949	-0.00126944	-0.10204
OUT262 IP 262	17	-0.303024	0.278978	-0.0223265
OUT262 IP 262	18	-1.49373	1.79661	0.437409
OUT262 IP 262	19	-0.277396	0.0967213	0.204834
OUT262 IP 262	20	-0.368176	0.282795	0.135502
OUT262 IP 262	21	-0.255457	0.0542956	-0.232341
OUT262 IP 262	22	-0.511854	-0.12101	-0.350214
OUT262 IP 262	23	-0.700076	-0.40073	0.160617
OUT262 IP 262	24	0.292671	-0.1858	0.00800886
OUT262 IP 262	25	2.94399	-2.3729	-0.290865
OUT262 IP 262	26	1.51923	-1.84536	-0.37933
OUT262 IP 262	27	0.286977	-0.0471997	-0.297129
OUT262 IP 262	28	0.427721	0.114238	0.0556045
OUT262 IP 262	29	0.12654	2.12922	-0.886438
OUT262 IP 262	30	-0.263723	0.950289	-0.260513
OUT262 IP 262	31	0.0536266	-0.199621	-0.0203335
OUT262 IP 262	32	-1.75599	-1.24697	0.86463
OUT262 IP 262	33	-3.08825	-1.715	0.497869
OUT262 IP 262	34	-1.04241	-0.279705	0.282435
OUT262 IP 262	35	-2.54584	-1.86895	1.28143
OUT262 IP 262	36	0.0666205	-0.351159	-0.0173852
OUT262 IP 262	37	0.137585	0.35044	-0.315549
OUT262 IP 262	38	-0.681138	0.413951	-0.575718
OUT262 IP 262	39	0.147308	1.06213	-0.82413
OUT262 IP 262	40	0.190156	0.107805	0.183384
OUT262 IP 262	41	0.240127	-0.496697	-0.301599
OUT262 IP 262	42	-0.0166022	-0.586066	-0.200505
OUT262 IP 262	43	0.760615	-0.17127	0.427521
OUT262 IP 262	44	0.0778893	0.135705	-0.0621754
OUT262 IP 262	45	0.218931	0.220681	0.170294
OUT262 IP 262	46	0.47922	0.0684666	-0.237821
OUT262 IP 262	47	0.175312	0.362078	-0.211887
OUT262 IP 262	48	0.0414016	0.236601	0.0471476
OUT262 IP 262	49	0.333968	0.706618	-0.440139
OUT262 IP 262	50	0.211764	-0.14362	0.124122
OUT262 IP 262	51	0.164679	-0.108318	-0.0163283
OUT262 IP 262	52	-0.544976	-0.231056	-0.594719
OUT262 IP 262	53	0.340142	0.244881	-0.307113
OUT262 JetStat	262	5	5	0	0
OUT262 JET 262	0	-13.8802	-9.51048	4.28559	
OUT262 CON	262	0	13	0	0	
OUT262 CON	262	0	11	0	0	
OUT262 CON	262	0	34	0	0	
OUT262 CON	262	0	32	0	0	
OUT262 CON	262	0	35	0	0	
OUT262 CON	262	0	33	0	0	
OUT262 CON	262	0	0	0	0	
OUT262 CON	262	0	23	0	0	
OUT262 JET 262	1	6.97637	-6.74246	-1.0289	
OUT262 CON	262	1	24	0	0	
OUT262 CON	262	1	2	0	0	
OUT262 CON	262	1	26	0	0	
OUT262 CON	262	1	25	0	0	
OUT262 CON	262	1	51	0	0	
OUT262 JET 262	2	-0.167359	8.06951	-3.3126	
OUT262 CON	262	2	39	0	0	
OUT262 CON	262	2	30	0	0	
OUT262 CON	262	2	5	0	0	
OUT262 CON	262	2	15	0	0	
OUT262 CON	262	2	6	0	0	
OUT262 CON	262	2	29	0	0	
OUT262 JET 262	3	-1.21091	-4.0526	-0.666002	
OUT262 CON	262	3	42	0	0	
OUT262 CON	262	3	14	0	0	
OUT262 CON	262	3	9	0	0	
OUT262 CON	262	3	12	0	0	
OUT262 JET 262	4	-2.1728	2.36638	0.548862	
OUT262 CON	262	4	17	0	0	
OUT262 CON	262	4	18	0	0	
OUT262 CON	262	4	20	0	0	
OUT262 END	262	0	0	0	0
