OUT81 START	81	0	0	0	0
OUT81 LP	81	0	1.57443	-3.08557	2.48245
OUT81 IP 81	0	0.573189	-2.1279	1.29762
OUT81 IP 81	1	1.03135	-2.84965	2.89758
OUT81 IP 81	2	1.11965	-2.32234	1.62211
OUT81 IP 81	3	1.57443	-3.08557	2.48245
OUT81 IP 81	4	0.854896	-0.0716548	0.53095
OUT81 IP 81	5	-0.402675	0.327633	0.194425
OUT81 IP 81	6	-0.869563	1.2195	-0.0214388
OUT81 IP 81	7	0.167236	0.0424949	-0.103662
OUT81 IP 81	8	1.07705	0.79424	-0.435225
OUT81 IP 81	9	-0.186955	-0.374976	0.09483
OUT81 IP 81	10	0.503594	-0.665512	0.280996
OUT81 IP 81	11	0.0688021	0.401959	0.352133
OUT81 IP 81	12	0.206546	-0.0611927	0.196087
OUT81 IP 81	13	-0.255673	0.121326	-0.279457
OUT81 IP 81	14	-0.281078	0.730817	0.701914
OUT81 IP 81	15	0.487966	-0.0875276	0.17305
OUT81 IP 81	16	-0.410903	-0.0939286	-0.321149
OUT81 IP 81	17	-0.0398497	-0.54401	0.149263
OUT81 IP 81	18	-0.104395	-0.887521	0.88072
OUT81 IP 81	19	-0.349104	0.428943	-0.367818
OUT81 IP 81	20	0.0658187	0.486565	0.156449
OUT81 JetStat	81	1	1	0	0
OUT81 JET 81	0	4.31217	-10.4194	8.24654	
OUT81 CON	81	0	1	0	0	
OUT81 CON	81	0	0	0	0	
OUT81 CON	81	0	2	0	0	
OUT81 CON	81	0	3	0	0	
OUT81 END	81	0	0	0	0
