OUT18 START	18	0	0	0	0
OUT18 LP	18	0	-2.97209	0.427591	1.71767
OUT18 IP 18	0	0.816779	0.324572	0.314308
OUT18 IP 18	1	-1.30314	-0.313008	0.818254
OUT18 IP 18	2	-0.854365	-0.550257	0.113347
OUT18 IP 18	3	-1.80798	-0.330261	0.782442
OUT18 IP 18	4	-2.66143	-1.33305	1.20485
OUT18 IP 18	5	-0.350626	-0.0376055	0.27946
OUT18 IP 18	6	-1.16952	0.0488955	0.189902
OUT18 IP 18	7	-1.6602	0.284284	0.53656
OUT18 IP 18	8	-0.332886	-0.111593	0.00539303
OUT18 IP 18	9	0.151963	-0.305041	0.0508548
OUT18 IP 18	10	-0.0395481	-1.16528	0.616774
OUT18 IP 18	11	-0.310912	-0.148227	-0.181346
OUT18 IP 18	12	0.338224	-0.787795	0.143154
OUT18 IP 18	13	1.56331	-1.00321	-0.330125
OUT18 IP 18	14	0.60222	-0.134511	0.197584
OUT18 IP 18	15	1.34037	-0.0456531	0.780895
OUT18 IP 18	16	0.0876033	-0.33149	0.183568
OUT18 IP 18	17	1.04042	0.0612565	0.401851
OUT18 IP 18	18	-0.434744	-0.405919	-0.0155578
OUT18 IP 18	19	-1.07655	0.105051	0.615911
OUT18 IP 18	20	-2.97209	0.427591	1.71767
OUT18 IP 18	21	-0.70102	0.162657	0.736145
OUT18 IP 18	22	-0.0295604	-0.279146	-0.211603
OUT18 IP 18	23	0.583259	-0.130661	0.286928
OUT18 IP 18	24	-0.433957	0.168199	0.194556
OUT18 IP 18	25	0.400622	0.970677	0.910633
OUT18 JetStat	18	3	3	0	0
OUT18 JET 18	0	-10.9296	0.355191	5.08747	
OUT18 CON	18	0	5	0	0	
OUT18 CON	18	0	1	0	0	
OUT18 CON	18	0	3	0	0	
OUT18 CON	18	0	6	0	0	
OUT18 CON	18	0	24	0	0	
OUT18 CON	18	0	7	0	0	
OUT18 CON	18	0	19	0	0	
OUT18 CON	18	0	20	0	0	
OUT18 JET 18	1	-3.85667	-1.99896	1.31183	
OUT18 CON	18	1	8	0	0	
OUT18 CON	18	1	2	0	0	
OUT18 CON	18	1	4	0	0	
OUT18 JET 18	2	3.58934	-0.251489	1.66005	
OUT18 CON	18	2	14	0	0	
OUT18 CON	18	2	23	0	0	
OUT18 CON	18	2	15	0	0	
OUT18 CON	18	2	17	0	0	
OUT18 END	18	0	0	0	0
