OUT291 START	291	0	0	0	0
OUT291 LP	291	0	-3.16417	-7.21867	-0.773466
OUT291 IP 291	0	0.375606	0.133963	0.389628
OUT291 IP 291	1	-0.481391	0.308108	-0.497989
OUT291 IP 291	2	1.65403	-0.197547	1.28258
OUT291 IP 291	3	-3.16417	-7.21867	-0.773466
OUT291 IP 291	4	-0.189129	-0.0302607	-0.125875
OUT291 IP 291	5	0.58904	-0.192136	0.0909777
OUT291 IP 291	6	-1.14378	0.344253	0.283735
OUT291 IP 291	7	-3.8622	2.43445	0.527352
OUT291 IP 291	8	0.405918	0.150686	0.175224
OUT291 IP 291	9	0.614531	-0.115095	0.293223
OUT291 IP 291	10	-1.96397	-4.18859	-0.722905
OUT291 IP 291	11	0.297941	-0.0249738	0.0459683
OUT291 IP 291	12	0.177669	0.333077	0.354285
OUT291 IP 291	13	0.923277	0.134862	0.109636
OUT291 IP 291	14	1.62585	0.340069	1.50346
OUT291 IP 291	15	-0.460955	0.163485	0.0316599
OUT291 IP 291	16	-2.05528	0.953504	-0.352437
OUT291 IP 291	17	0.154707	-0.00576298	-0.0405245
OUT291 IP 291	18	-0.398303	0.184655	-0.109643
OUT291 JetStat	291	2	2	0	0
OUT291 JET 291	0	-5.12852	-11.4081	-1.49577	
OUT291 CON	291	0	3	0	0	
OUT291 CON	291	0	10	0	0	
OUT291 JET 291	1	-7.96001	4.09961	0.379506	
OUT291 CON	291	1	16	0	0	
OUT291 CON	291	1	18	0	0	
OUT291 CON	291	1	6	0	0	
OUT291 CON	291	1	7	0	0	
OUT291 CON	291	1	15	0	0	
OUT291 END	291	0	0	0	0
