OUT48 START	48	0	0	0	0
OUT48 LP	48	0	-4.82295	-4.46587	2.14301
OUT48 IP 48	0	-2.07805	1.30564	1.7166
OUT48 IP 48	1	-0.561948	0.198905	0.0516394
OUT48 IP 48	2	0.40888	-0.484952	-0.527792
OUT48 IP 48	3	0.00405784	-0.544472	-0.0573809
OUT48 IP 48	4	-0.44546	-0.544473	0.198815
OUT48 IP 48	5	-2.96257	-2.73429	1.54514
OUT48 IP 48	6	-4.82295	-4.46587	2.14301
OUT48 IP 48	7	-1.22774	-1.63989	0.350893
OUT48 IP 48	8	-0.392472	-0.90541	0.809479
OUT48 IP 48	9	-0.397647	-0.244332	0.0843946
OUT48 IP 48	10	-1.69052	0.824315	0.98612
OUT48 IP 48	11	-0.380394	0.260376	0.345627
OUT48 IP 48	12	-0.199374	0.00707735	-0.0862767
OUT48 IP 48	13	1.12025	0.072821	-1.06021
OUT48 IP 48	14	0.289311	-0.0870601	-0.049304
OUT48 IP 48	15	-0.919743	-0.121093	0.725324
OUT48 IP 48	16	0.654034	-1.02809	1.09312
OUT48 IP 48	17	-0.074613	0.205649	0.0157013
OUT48 IP 48	18	0.125782	-0.568247	0.548349
OUT48 IP 48	19	0.445132	0.00224747	0.0763891
OUT48 IP 48	20	1.12286	0.992093	-1.18963
OUT48 IP 48	21	0.255237	0.169375	-0.259335
OUT48 JetStat	48	2	2	0	0
OUT48 JET 48	0	-9.88765	-9.66015	4.31283	
OUT48 CON	48	0	9	0	0	
OUT48 CON	48	0	7	0	0	
OUT48 CON	48	0	4	0	0	
OUT48 CON	48	0	5	0	0	
OUT48 CON	48	0	6	0	0	
OUT48 JET 48	1	-4.15563	2.39412	3.0395	
OUT48 CON	48	1	10	0	0	
OUT48 CON	48	1	0	0	0	
OUT48 CON	48	1	11	0	0	
OUT48 END	48	0	0	0	0
