OUT31 START	31	0	0	0	0
OUT31 LP	31	0	2.67733	-2.0634	-3.21496
OUT31 IP 31	0	0.618629	-1.31878	1.11581
OUT31 IP 31	1	-0.16668	0.163967	0.0406553
OUT31 IP 31	2	-0.416677	-0.716711	-0.638549
OUT31 IP 31	3	-0.207653	-0.526735	0.496637
OUT31 IP 31	4	-0.831353	0.498993	0.249968
OUT31 IP 31	5	0.940528	1.35379	1.13713
OUT31 IP 31	6	1.57316	-0.197061	-0.553126
OUT31 IP 31	7	-0.0671362	-1.36513	-0.778873
OUT31 IP 31	8	0.673158	-0.290399	-0.130405
OUT31 IP 31	9	1.00577	-0.217269	0.385572
OUT31 IP 31	10	2.01735	1.54584	1.49162
OUT31 IP 31	11	0.167943	0.141906	0.145208
OUT31 IP 31	12	-0.0679635	-0.553722	0.247229
OUT31 IP 31	13	-0.322292	-0.196599	-0.306346
OUT31 IP 31	14	-1.19467	-0.243102	0.83169
OUT31 IP 31	15	-0.290128	-0.101293	-0.12483
OUT31 IP 31	16	0.659532	1.53867	1.1347
OUT31 IP 31	17	1.69345	-1.91542	-1.37405
OUT31 IP 31	18	1.79074	-1.61228	-2.00179
OUT31 IP 31	19	0.418779	-0.0253238	0.215262
OUT31 IP 31	20	1.07021	0.27568	0.637434
OUT31 IP 31	21	0.274954	0.22911	-0.0241473
OUT31 IP 31	22	0.110492	0.747899	-0.202631
OUT31 IP 31	23	1.85362	1.08702	-0.86184
OUT31 IP 31	24	-0.296419	0.144339	0.187182
OUT31 IP 31	25	0.257449	0.786772	0.250581
OUT31 IP 31	26	0.236343	-0.244728	-0.216801
OUT31 IP 31	27	2.68119	-2.41293	-2.22206
OUT31 IP 31	28	1.0645	-0.709525	-1.26834
OUT31 IP 31	29	2.67733	-2.0634	-3.21496
OUT31 IP 31	30	0.43915	-0.284469	-0.535857
OUT31 IP 31	31	1.367	-1.06754	-1.11988
OUT31 IP 31	32	0.576682	0.0582103	0.563018
OUT31 IP 31	33	0.537031	-0.0690152	0.119597
OUT31 IP 31	34	0.930047	-0.112232	0.470834
OUT31 JetStat	31	2	2	0	0
OUT31 JET 31	0	11.9858	-10.3419	-11.842	
OUT31 CON	31	0	29	0	0	
OUT31 CON	31	0	28	0	0	
OUT31 CON	31	0	30	0	0	
OUT31 CON	31	0	18	0	0	
OUT31 CON	31	0	17	0	0	
OUT31 CON	31	0	31	0	0	
OUT31 CON	31	0	26	0	0	
OUT31 CON	31	0	27	0	0	
OUT31 JET 31	1	3.87457	4.69057	3.90555	
OUT31 CON	31	1	16	0	0	
OUT31 CON	31	1	5	0	0	
OUT31 CON	31	1	10	0	0	
OUT31 CON	31	1	11	0	0	
OUT31 END	31	0	0	0	0
