OUT160 START	160	0	0	0	0
OUT160 LP	160	0	2.02439	-4.29131	-2.43709
OUT160 IP 160	0	-0.317943	0.319236	-0.28258
OUT160 IP 160	1	-2.10187	1.99022	0.280024
OUT160 IP 160	2	2.02439	-4.29131	-2.43709
OUT160 IP 160	3	1.04566	-2.14958	-1.42995
OUT160 IP 160	4	0.26732	0.0253963	-0.194157
OUT160 IP 160	5	-0.144568	-1.17015	-1.09852
OUT160 IP 160	6	0.270946	0.221131	-0.206652
OUT160 IP 160	7	-0.753745	1.00227	-0.0663189
OUT160 IP 160	8	-0.697972	1.42067	0.600241
OUT160 IP 160	9	-0.507248	-0.0543037	-0.0019532
OUT160 IP 160	10	0.724712	-2.02814	-1.15206
OUT160 IP 160	11	1.11072	-3.10319	-1.746
OUT160 IP 160	12	-0.796177	0.600985	-0.256348
OUT160 IP 160	13	0.474703	-0.394837	0.0286373
OUT160 IP 160	14	0.271204	-0.383549	-0.30189
OUT160 JetStat	160	2	2	0	0
OUT160 JET 160	0	5.18761	-11.9798	-7.06346	
OUT160 CON	160	0	14	0	0	
OUT160 CON	160	0	10	0	0	
OUT160 CON	160	0	11	0	0	
OUT160 CON	160	0	2	0	0	
OUT160 CON	160	0	3	0	0	
OUT160 JET 160	1	-3.66788	3.60975	-0.0403066	
OUT160 CON	160	1	12	0	0	
OUT160 CON	160	1	1	0	0	
OUT160 CON	160	1	7	0	0	
OUT160 END	160	0	0	0	0
