OUT233 START	233	0	0	0	0
OUT233 LP	233	0	1.36731	5.88092	-5.70119
OUT233 IP 233	0	0.181058	-0.161075	-0.0507538
OUT233 IP 233	1	0.65545	-0.885275	0.422083
OUT233 IP 233	2	1.36731	5.88092	-5.70119
OUT233 IP 233	3	0.246082	0.214152	0.0149561
OUT233 IP 233	4	-0.134996	-0.18423	-0.161807
OUT233 IP 233	5	-0.0227284	0.165227	-0.0289393
OUT233 IP 233	6	0.201833	0.178618	0.272292
OUT233 IP 233	7	0.193549	0.342128	0.252091
OUT233 IP 233	8	-0.0810494	-0.241249	-0.00364201
OUT233 IP 233	9	-0.258254	0.355293	0.34731
OUT233 IP 233	10	-0.249817	1.02888	0.594226
OUT233 IP 233	11	-0.0939561	2.06845	-1.89355
OUT233 IP 233	12	0.660066	1.90958	-1.46265
OUT233 IP 233	13	0.527299	2.02905	-1.68372
OUT233 IP 233	14	0.826823	0.219471	-0.198965
OUT233 IP 233	15	-0.338247	-0.846045	0.462557
OUT233 IP 233	16	-0.182051	-0.158539	0.125552
OUT233 JetStat	233	1	1	0	0
OUT233 JET 233	0	2.47352	11.9724	-10.7189	
OUT233 CON	233	0	11	0	0	
OUT233 CON	233	0	12	0	0	
OUT233 CON	233	0	2	0	0	
OUT233 CON	233	0	13	0	0	
OUT233 END	233	0	0	0	0
