OUT39 START	39	0	0	0	0
OUT39 LP	39	0	1.81496	-6.00748	0.9647
OUT39 IP 39	0	0.0120037	-1.14355	0.0260826
OUT39 IP 39	1	-0.207601	0.195445	-0.0970954
OUT39 IP 39	2	-1.71363	3.93128	-1.06135
OUT39 IP 39	3	-0.590731	1.57997	-0.34916
OUT39 IP 39	4	-1.05191	2.88254	-0.834644
OUT39 IP 39	5	1.81496	-6.00748	0.9647
OUT39 IP 39	6	1.1707	-2.69259	1.15364
OUT39 IP 39	7	-0.0400769	-1.04697	0.352774
OUT39 IP 39	8	0.594553	-1.28716	1.08272
OUT39 IP 39	9	-0.19715	-0.501604	0.0671594
OUT39 IP 39	10	-0.155877	0.259949	-0.0315144
OUT39 IP 39	11	0.744731	0.437386	-0.803396
OUT39 IP 39	12	0.0950713	-0.183738	-0.127592
OUT39 IP 39	13	-0.050634	-0.530324	0.167871
OUT39 IP 39	14	-0.0637947	-1.31447	0.722616
OUT39 IP 39	15	-0.398508	0.497407	-0.145122
OUT39 IP 39	16	0.361622	1.50993	1.5479
OUT39 IP 39	17	0.215746	0.125309	0.136214
OUT39 IP 39	18	-0.306169	-0.299766	-0.138053
OUT39 IP 39	19	0.528978	-0.054734	0.418327
OUT39 IP 39	20	0.728224	-1.41154	-1.24131
OUT39 IP 39	21	0.260887	-0.822519	0.00579139
OUT39 IP 39	22	0.30666	-2.23586	0.347068
OUT39 IP 39	23	-0.191058	-0.314542	0.091772
OUT39 IP 39	24	0.0798438	0.19709	0.153548
OUT39 IP 39	25	0.237651	-0.568734	0.353041
OUT39 IP 39	26	-0.0244698	-0.19348	-0.115604
OUT39 IP 39	27	0.39745	0.710725	0.266366
OUT39 IP 39	28	0.079762	-0.14983	0.1245
OUT39 IP 39	29	0.474998	-0.119768	-0.429029
OUT39 IP 39	30	-0.446109	-0.885104	-0.183424
OUT39 IP 39	31	0.0189923	-0.318711	-0.167089
OUT39 IP 39	32	-0.461231	-1.51217	0.0443911
OUT39 IP 39	33	-0.0964315	-1.14319	-0.0726142
OUT39 IP 39	34	0.229719	0.275538	0.0826341
OUT39 IP 39	35	-0.132234	0.309324	0.0103924
OUT39 IP 39	36	-0.131858	0.58645	0.096268
OUT39 IP 39	37	0.116643	-0.264881	0.100975
OUT39 IP 39	38	0.310999	-0.371196	-0.488876
OUT39 IP 39	39	-0.117718	0.105109	-0.148929
OUT39 IP 39	40	0.748375	0.0744943	0.380632
OUT39 JetStat	39	3	3	0	0
OUT39 JET 39	0	3.86452	-15.4864	3.4372	
OUT39 CON	39	0	25	0	0	
OUT39 CON	39	0	13	0	0	
OUT39 CON	39	0	7	0	0	
OUT39 CON	39	0	6	0	0	
OUT39 CON	39	0	37	0	0	
OUT39 CON	39	0	0	0	0	
OUT39 CON	39	0	22	0	0	
OUT39 CON	39	0	5	0	0	
OUT39 CON	39	0	21	0	0	
OUT39 JET 39	1	-4.05764	9.48955	-2.40851	
OUT39 CON	39	1	15	0	0	
OUT39 CON	39	1	35	0	0	
OUT39 CON	39	1	10	0	0	
OUT39 CON	39	1	3	0	0	
OUT39 CON	39	1	2	0	0	
OUT39 CON	39	1	4	0	0	
OUT39 JET 39	2	-1.40738	-4.40708	-0.0527408	
OUT39 CON	39	2	23	0	0	
OUT39 CON	39	2	30	0	0	
OUT39 CON	39	2	33	0	0	
OUT39 CON	39	2	9	0	0	
OUT39 CON	39	2	32	0	0	
OUT39 END	39	0	0	0	0
