OUT111 START	111	0	0	0	0
OUT111 LP	111	0	-7.08921	0.946913	5.45602
OUT111 IP 111	0	-0.471075	0.093286	-0.101443
OUT111 IP 111	1	0.553563	-0.613147	0.0272364
OUT111 IP 111	2	-0.228322	0.304167	-0.346679
OUT111 IP 111	3	-0.177992	0.426269	-0.150071
OUT111 IP 111	4	-1.78837	-0.130406	1.28934
OUT111 IP 111	5	-1.18805	0.171955	-0.729667
OUT111 IP 111	6	-0.742778	0.0479385	0.271527
OUT111 IP 111	7	0.30463	-0.346966	0.0538041
OUT111 IP 111	8	-0.488983	-0.108868	-0.20329
OUT111 IP 111	9	0.461197	0.0432825	-0.0782963
OUT111 IP 111	10	0.583958	-0.0394689	0.400363
OUT111 IP 111	11	0.405017	-1.19004	-1.00043
OUT111 IP 111	12	-0.105332	-0.722053	0.184167
OUT111 IP 111	13	-0.603036	-0.636966	-0.4095
OUT111 IP 111	14	0.622043	0.114809	0.025747
OUT111 IP 111	15	1.04609	-0.505886	-0.688721
OUT111 IP 111	16	1.59521	0.16857	0.57065
OUT111 IP 111	17	-2.15503	0.615005	1.19087
OUT111 IP 111	18	-0.57223	0.456659	-0.357609
OUT111 IP 111	19	-0.0385613	0.30258	0.098432
OUT111 IP 111	20	0.122194	-0.388077	-0.248649
OUT111 IP 111	21	-0.193839	0.0908488	-0.102354
OUT111 IP 111	22	-2.49049	0.45216	-1.46516
OUT111 IP 111	23	-1.59916	-1.73207	-2.25434
OUT111 IP 111	24	-7.08921	0.946913	5.45602
OUT111 IP 111	25	-1.80945	0.789958	1.48238
OUT111 JetStat	111	3	3	0	0
OUT111 JET 111	0	-13.7148	2.29235	9.64844	
OUT111 CON	111	0	6	0	0	
OUT111 CON	111	0	25	0	0	
OUT111 CON	111	0	17	0	0	
OUT111 CON	111	0	4	0	0	
OUT111 CON	111	0	24	0	0	
OUT111 JET 111	1	-4.35113	0.81026	-2.38681	
OUT111 CON	111	1	0	0	0	
OUT111 CON	111	1	21	0	0	
OUT111 CON	111	1	5	0	0	
OUT111 CON	111	1	22	0	0	
OUT111 JET 111	2	-2.20223	-2.36908	-2.62635	
OUT111 CON	111	2	13	0	0	
OUT111 CON	111	2	23	0	0	
OUT111 END	111	0	0	0	0
