OUT247 START	247	0	0	0	0
OUT247 LP	247	0	0.370407	-3.86136	-1.30081
OUT247 IP 247	0	0.136549	0.596855	0.0445289
OUT247 IP 247	1	0.1589	-0.231796	-0.25073
OUT247 IP 247	2	0.989154	1.79937	-1.06201
OUT247 IP 247	3	-0.920242	-0.951329	0.860829
OUT247 IP 247	4	0.322041	-2.00298	-0.123509
OUT247 IP 247	5	0.37484	-0.650393	-0.102084
OUT247 IP 247	6	0.465536	-2.12245	-0.520196
OUT247 IP 247	7	0.159826	-0.0308776	-0.165294
OUT247 IP 247	8	0.300288	0.101006	-0.00961363
OUT247 IP 247	9	0.625813	1.44919	-0.0124094
OUT247 IP 247	10	-0.723085	0.722864	-0.84256
OUT247 IP 247	11	0.370407	-3.86136	-1.30081
OUT247 IP 247	12	-0.0605155	-1.59454	-0.313374
OUT247 IP 247	13	0.226474	-1.06629	-0.682196
OUT247 IP 247	14	-0.179041	0.407098	-0.262365
OUT247 IP 247	15	0.0410338	0.392553	-0.0298283
OUT247 IP 247	16	-0.177925	0.699144	0.220754
OUT247 IP 247	17	-0.21413	-0.00721438	-0.187011
OUT247 IP 247	18	0.185701	0.573068	-0.0647436
OUT247 IP 247	19	0.0715359	-0.146208	-0.0912358
OUT247 IP 247	20	0.165873	0.351467	0.17974
OUT247 IP 247	21	-0.0131909	-0.21519	0.000695366
OUT247 IP 247	22	0.179468	-0.103041	0.193342
OUT247 IP 247	23	0.351381	-0.592601	0.217489
OUT247 JetStat	247	2	2	0	0
OUT247 JET 247	0	1.3148	-10.9031	-2.90395	
OUT247 CON	247	0	13	0	0	
OUT247 CON	247	0	21	0	0	
OUT247 CON	247	0	4	0	0	
OUT247 CON	247	0	12	0	0	
OUT247 CON	247	0	6	0	0	
OUT247 CON	247	0	11	0	0	
OUT247 JET 247	1	0.994212	3.02892	-0.0623431	
OUT247 CON	247	1	15	0	0	
OUT247 CON	247	1	0	0	0	
OUT247 CON	247	1	9	0	0	
OUT247 CON	247	1	18	0	0	
OUT247 END	247	0	0	0	0
