OUT232 START	232	0	0	0	0
OUT232 LP	232	0	-3.19532	-0.282267	0.0673982
OUT232 IP 232	0	0.946578	0.727628	-0.204308
OUT232 IP 232	1	-0.989089	1.00385	-0.536596
OUT232 IP 232	2	-1.43295	-0.664016	0.463053
OUT232 IP 232	3	-2.74358	-0.0656611	0.105732
OUT232 IP 232	4	-3.19532	-0.282267	0.0673982
OUT232 IP 232	5	-1.45337	0.277665	0.452876
OUT232 IP 232	6	-2.43592	-0.456207	-0.0932104
OUT232 IP 232	7	-1.98463	-0.0875964	0.267414
OUT232 IP 232	8	0.0654007	0.313967	-0.0439406
OUT232 IP 232	9	-0.262931	-0.876843	0.887593
OUT232 IP 232	10	-0.52169	-0.172612	0.17513
OUT232 IP 232	11	-0.162872	0.0141221	-0.0289667
OUT232 IP 232	12	0.586526	0.426774	0.578804
OUT232 IP 232	13	0.242696	-0.131424	0.129146
OUT232 IP 232	14	0.192926	-0.102024	-0.141962
OUT232 IP 232	15	-0.275122	0.44558	0.254251
OUT232 IP 232	16	0.111639	0.309787	0.022258
OUT232 IP 232	17	0.274491	0.296412	-0.336611
OUT232 IP 232	18	-0.0186226	-0.38091	0.0840712
OUT232 IP 232	19	0.141269	0.171645	0.104092
OUT232 IP 232	20	-1.04997	0.247658	0.304228
OUT232 IP 232	21	-0.165335	0.285558	0.011746
OUT232 IP 232	22	1.93017	-0.985229	2.13823
OUT232 IP 232	23	1.72164	0.341529	1.27485
OUT232 IP 232	24	0.490194	0.1532	0.27948
OUT232 IP 232	25	-0.0911708	0.308642	-0.138146
OUT232 IP 232	26	-0.174236	0.476022	-0.0721386
OUT232 IP 232	27	0.603988	-0.212042	-0.563896
OUT232 IP 232	28	0.440673	-0.177031	0.472418
OUT232 IP 232	29	0.182631	0.144813	0.221685
OUT232 IP 232	30	-0.0149976	-0.324849	0.322674
OUT232 JetStat	232	1	1	0	0
OUT232 JET 232	0	-13.6782	-0.526856	1.2381	
OUT232 CON	232	0	5	0	0	
OUT232 CON	232	0	20	0	0	
OUT232 CON	232	0	10	0	0	
OUT232 CON	232	0	11	0	0	
OUT232 CON	232	0	6	0	0	
OUT232 CON	232	0	7	0	0	
OUT232 CON	232	0	3	0	0	
OUT232 CON	232	0	4	0	0	
OUT232 END	232	0	0	0	0
