OUT189 START	189	0	0	0	0
OUT189 LP	189	0	-6.16039	6.54116	-1.66738
OUT189 IP 189	0	-3.00374	2.93429	-0.933771
OUT189 IP 189	1	-0.351205	0.818042	0.183204
OUT189 IP 189	2	0.0287218	-0.687149	0.475671
OUT189 IP 189	3	-0.163887	-0.232611	0.163296
OUT189 IP 189	4	-1.88018	-6.83677	6.71727
OUT189 IP 189	5	-0.402587	1.04448	-0.0413771
OUT189 IP 189	6	-0.820908	0.413842	-0.235388
OUT189 IP 189	7	-0.633527	1.21831	0.673824
OUT189 IP 189	8	-6.16039	6.54116	-1.66738
OUT189 IP 189	9	-1.00793	1.12409	0.141136
OUT189 IP 189	10	0.198038	-0.755406	-0.124188
OUT189 IP 189	11	0.149714	-0.220871	0.15413
OUT189 JetStat	189	2	2	0	0
OUT189 JET 189	0	-11.0337	11.0473	-2.68928	
OUT189 CON	189	0	6	0	0	
OUT189 CON	189	0	9	0	0	
OUT189 CON	189	0	0	0	0	
OUT189 CON	189	0	8	0	0	
OUT189 JET 189	1	-1.85613	-7.55363	7.18249	
OUT189 CON	189	1	2	0	0	
OUT189 CON	189	1	4	0	0	
OUT189 END	189	0	0	0	0
