OUT210 START	210	0	0	0	0
OUT210 LP	210	0	-4.15985	-3.94076	5.66747
OUT210 IP 210	0	-1.87382	-1.93493	2.12587
OUT210 IP 210	1	0.102879	0.140642	0.0276099
OUT210 IP 210	2	1.19602	0.247236	-0.772819
OUT210 IP 210	3	1.81513	1.03065	-0.922344
OUT210 IP 210	4	-0.445126	-0.0897682	0.131513
OUT210 IP 210	5	-1.14903	0.305719	0.29904
OUT210 IP 210	6	0.253084	0.00633517	-0.0602677
OUT210 IP 210	7	0.967821	0.716338	1.03178
OUT210 IP 210	8	0.411646	-0.0965339	0.408551
OUT210 IP 210	9	1.55951	-0.818	0.755096
OUT210 IP 210	10	0.685891	0.0199596	-0.60896
OUT210 IP 210	11	-0.795743	0.427635	0.884061
OUT210 IP 210	12	-0.769142	0.0126039	0.725008
OUT210 IP 210	13	0.400447	0.13804	-0.136699
OUT210 IP 210	14	0.0167047	-0.390148	0.378469
OUT210 IP 210	15	-4.15985	-3.94076	5.66747
OUT210 IP 210	16	-0.742836	-0.936131	0.879208
OUT210 IP 210	17	0.238008	0.354186	0.0179072
OUT210 IP 210	18	2.10532	0.426925	-0.473544
OUT210 IP 210	19	0.897293	0.727986	-0.0948429
OUT210 IP 210	20	1.10835	1.556	-0.515436
OUT210 IP 210	21	3.09903	3.67863	0.403364
OUT210 IP 210	22	0.677502	0.736626	-0.0869695
OUT210 IP 210	23	0.478415	1.87769	0.0192296
OUT210 IP 210	24	0.485539	0.657127	0.304
OUT210 IP 210	25	-1.6318	-2.73472	-3.04628
OUT210 IP 210	26	-1.30321	-0.184938	-0.442636
OUT210 IP 210	27	-1.01788	0.0607329	-0.216462
OUT210 IP 210	28	-0.62586	-0.393526	0.277456
OUT210 IP 210	29	0.127778	-0.714295	0.226754
OUT210 IP 210	30	0.179226	-1.38649	-0.668219
OUT210 IP 210	31	-0.170045	-0.164133	-0.229604
OUT210 IP 210	32	-0.326443	0.732084	-0.109419
OUT210 IP 210	33	-0.566852	0.59322	-0.0799271
OUT210 IP 210	34	-0.119682	0.252387	-0.285935
OUT210 IP 210	35	0.00745051	0.45378	-0.0390402
OUT210 IP 210	36	0.0853785	0.261386	-0.0407421
OUT210 IP 210	37	0.161827	-0.23827	-0.036852
OUT210 JetStat	210	4	4	0	0
OUT210 JET 210	0	6.63026	7.87533	0.0547042	
OUT210 CON	210	0	24	0	0	
OUT210 CON	210	0	20	0	0	
OUT210 CON	210	0	19	0	0	
OUT210 CON	210	0	22	0	0	
OUT210 CON	210	0	17	0	0	
OUT210 CON	210	0	1	0	0	
OUT210 CON	210	0	21	0	0	
OUT210 JET 210	1	-6.78356	-6.81927	8.64492	
OUT210 CON	210	1	16	0	0	
OUT210 CON	210	1	0	0	0	
OUT210 CON	210	1	15	0	0	
OUT210 JET 210	2	5.8405	1.8732	-2.34081	
OUT210 CON	210	2	3	0	0	
OUT210 CON	210	2	2	0	0	
OUT210 CON	210	2	6	0	0	
OUT210 CON	210	2	13	0	0	
OUT210 CON	210	2	18	0	0	
OUT210 JET 210	3	-1.8064	-2.90507	-3.27587	
OUT210 CON	210	3	25	0	0	
OUT210 CON	210	3	31	0	0	
OUT210 END	210	0	0	0	0
