OUT260 START	260	0	0	0	0
OUT260 LP	260	0	2.64584	-7.32075	2.85824
OUT260 IP 260	0	-1.12166	-0.17401	0.0267899
OUT260 IP 260	1	-0.4477	0.00701428	0.284755
OUT260 IP 260	2	-2.58214	0.421996	0.0422202
OUT260 IP 260	3	-0.942193	0.15987	-0.525331
OUT260 IP 260	4	-0.534528	0.56985	-0.80179
OUT260 IP 260	5	0.736608	1.05055	-0.425291
OUT260 IP 260	6	0.815412	0.457906	0.300514
OUT260 IP 260	7	1.00279	1.10137	-0.132159
OUT260 IP 260	8	0.380792	0.398508	0.0539136
OUT260 IP 260	9	0.657626	-0.549814	-0.0558648
OUT260 IP 260	10	2.64584	-7.32075	2.85824
OUT260 IP 260	11	0.933624	-2.13568	1.17141
OUT260 IP 260	12	-0.378151	-1.36991	0.460998
OUT260 IP 260	13	-0.285903	-1.42111	0.519558
OUT260 IP 260	14	0.0259353	-0.322289	0.220066
OUT260 IP 260	15	-0.264712	0.125606	0.103232
OUT260 IP 260	16	-0.217902	-0.565773	-0.0428929
OUT260 IP 260	17	-1.7424	-0.739524	-1.25576
OUT260 IP 260	18	-1.78722	-1.10929	-1.49446
OUT260 IP 260	19	-0.724524	0.581153	-0.0391458
OUT260 IP 260	20	0.466058	0.635517	-0.794462
OUT260 IP 260	21	0.21042	0.00225095	-0.0578716
OUT260 IP 260	22	0.0692707	0.225845	0.152571
OUT260 IP 260	23	0.153432	-0.00539584	0.118889
OUT260 IP 260	24	-0.034757	0.387658	-0.128043
OUT260 IP 260	25	0.49417	0.433066	-0.260117
OUT260 IP 260	26	-0.0672564	0.370719	0.312
OUT260 IP 260	27	-0.181952	0.222939	0.162173
OUT260 IP 260	28	-0.612218	-0.134962	0.470835
OUT260 IP 260	29	-0.41305	0.706824	-0.786945
OUT260 IP 260	30	0.345821	0.214695	0.296089
OUT260 IP 260	31	-0.0878301	-0.135532	0.0863672
OUT260 IP 260	32	0.0992748	0.312358	0.00772514
OUT260 JetStat	260	5	5	0	0
OUT260 JET 260	0	3.61004	-9.79424	4.23912	
OUT260 CON	260	0	14	0	0	
OUT260 CON	260	0	10	0	0	
OUT260 CON	260	0	11	0	0	
OUT260 JET 260	1	-3.5401	-1.85427	-2.74971	
OUT260 CON	260	1	17	0	0	
OUT260 CON	260	1	18	0	0	
OUT260 JET 260	2	2.62355	2.994	-0.754227	
OUT260 CON	260	2	25	0	0	
OUT260 CON	260	2	5	0	0	
OUT260 CON	260	2	7	0	0	
OUT260 CON	260	2	8	0	0	
OUT260 JET 260	3	-3.7432	0.248965	0.0690097	
OUT260 CON	260	3	0	0	0	
OUT260 CON	260	3	2	0	0	
OUT260 JET 260	4	-0.755375	-2.93664	1.06582	
OUT260 CON	260	4	31	0	0	
OUT260 CON	260	4	12	0	0	
OUT260 CON	260	4	13	0	0	
OUT260 END	260	0	0	0	0
