OUT187 START	187	0	0	0	0
OUT187 LP	187	0	-9.47419	-0.19284	-8.87737
OUT187 IP 187	0	-0.127076	0.999119	-0.974296
OUT187 IP 187	1	-0.329719	0.0477172	0.103786
OUT187 IP 187	2	-0.0483544	-0.497648	0.0529241
OUT187 IP 187	3	0.269854	0.489812	-0.421544
OUT187 IP 187	4	0.901092	-0.983471	-1.32146
OUT187 IP 187	5	-9.47419	-0.19284	-8.87737
OUT187 IP 187	6	-0.766163	-0.421779	-0.659279
OUT187 IP 187	7	-4.60403	-0.41753	-4.61956
OUT187 IP 187	8	-0.161946	-0.0140753	-0.0779368
OUT187 IP 187	9	-0.483044	0.141084	0.131497
OUT187 IP 187	10	0.180974	-0.320076	-0.189374
OUT187 IP 187	11	-0.0255636	-0.304407	-0.223567
OUT187 IP 187	12	-0.673693	1.18756	1.35517
OUT187 IP 187	13	0.270709	0.00229415	0.264049
OUT187 IP 187	14	1.02802	-0.077576	0.831812
OUT187 IP 187	15	-0.31315	-0.0798638	0.0231339
OUT187 IP 187	16	0.13149	0.60221	0.237658
OUT187 IP 187	17	-0.484492	0.509523	-0.109401
OUT187 IP 187	18	1.78669	0.767727	-0.579613
OUT187 IP 187	19	1.1946	0.463329	-1.14846
OUT187 IP 187	20	-0.189108	-0.383676	-0.0970219
OUT187 IP 187	21	-0.39166	0.772263	-0.645148
OUT187 IP 187	22	-0.141089	-0.0725548	0.140275
OUT187 IP 187	23	-0.340175	-0.521401	0.16341
OUT187 IP 187	24	0.295468	0.0427264	0.0745705
OUT187 IP 187	25	0.666012	0.00615579	-0.0775199
OUT187 IP 187	26	0.617523	-1.12188	1.21371
OUT187 IP 187	27	-0.18396	-0.650011	0.421531
OUT187 IP 187	28	-0.111304	0.319021	0.00129751
OUT187 IP 187	29	-0.0595459	1.43039	1.25648
OUT187 IP 187	30	-1.3927	2.00187	-1.65674
OUT187 IP 187	31	0.947877	0.608033	0.886474
OUT187 IP 187	32	-0.197863	-0.161096	0.122324
OUT187 IP 187	33	0.401007	0.077432	0.30251
OUT187 JetStat	187	2	2	0	0
OUT187 JET 187	0	-14.2479	-0.624846	-13.5623	
OUT187 CON	187	0	8	0	0	
OUT187 CON	187	0	5	0	0	
OUT187 CON	187	0	7	0	0	
OUT187 JET 187	1	-1.78756	2.77935	-2.30124	
OUT187 CON	187	1	21	0	0	
OUT187 CON	187	1	30	0	0	
OUT187 END	187	0	0	0	0
