OUT180 START	180	0	0	0	0
OUT180 LP	180	0	3.66111	3.66099	1.14843
OUT180 IP 180	0	-0.0961552	0.520825	0.352882
OUT180 IP 180	1	-0.304269	-0.363489	-0.36606
OUT180 IP 180	2	-0.0693184	-0.186675	-0.02335
OUT180 IP 180	3	-0.415432	0.672404	-0.623448
OUT180 IP 180	4	0.193813	0.65354	0.393921
OUT180 IP 180	5	3.66111	3.66099	1.14843
OUT180 IP 180	6	2.98324	3.99558	-0.141843
OUT180 IP 180	7	2.1574	1.24406	1.82792
OUT180 IP 180	8	-0.0373074	0.31502	-0.235153
OUT180 IP 180	9	0.642164	0.0176391	-0.279549
OUT180 IP 180	10	0.346396	0.520267	0.0906578
OUT180 IP 180	11	0.531465	-0.249838	0.415158
OUT180 IP 180	12	-0.977039	0.204851	-0.631392
OUT180 IP 180	13	-0.406515	0.248821	-0.370809
OUT180 IP 180	14	-0.498065	0.200979	0.298988
OUT180 IP 180	15	-0.596842	0.0909038	0.566303
OUT180 IP 180	16	-0.020979	0.440394	0.339707
OUT180 IP 180	17	-0.8145	0.0244672	-0.134225
OUT180 IP 180	18	0.282536	-0.127725	0.139612
OUT180 IP 180	19	0.310298	-0.494372	0.0491948
OUT180 IP 180	20	-0.176144	-0.206195	-0.0364573
OUT180 IP 180	21	-0.188783	0.340785	-0.0653925
OUT180 IP 180	22	0.160172	0.267512	-0.0232241
OUT180 IP 180	23	1.81751	2.46329	1.13675
OUT180 IP 180	24	1.65316	1.55104	0.348968
OUT180 IP 180	25	-0.0662068	0.243542	0.145087
OUT180 IP 180	26	0.37768	0.124238	-0.211572
OUT180 IP 180	27	0.944087	0.292525	0.449722
OUT180 IP 180	28	0.193465	0.457306	-0.193318
OUT180 IP 180	29	1.17851	-0.817577	1.15028
OUT180 IP 180	30	0.543232	-0.248937	0.00544402
OUT180 IP 180	31	-0.232456	-0.0266823	-0.103242
OUT180 IP 180	32	-0.2944	-0.327494	-0.319898
OUT180 IP 180	33	-0.597193	0.329916	-0.269356
OUT180 IP 180	34	0.408591	0.251779	-0.45731
OUT180 IP 180	35	-0.0346547	-0.33971	-0.114854
OUT180 IP 180	36	0.763922	0.68391	0.722575
OUT180 IP 180	37	0.354961	0.663168	0.387234
OUT180 IP 180	38	-0.517373	0.00445913	-0.15021
OUT180 IP 180	39	-0.15004	-0.0228903	-0.0468301
OUT180 IP 180	40	-0.725268	0.178221	-0.338654
OUT180 IP 180	41	0.402785	-0.199525	0.431292
OUT180 JetStat	180	2	2	0	0
OUT180 JET 180	0	10.6587	12.502	2.5342	
OUT180 CON	180	0	6	0	0	
OUT180 CON	180	0	22	0	0	
OUT180 CON	180	0	23	0	0	
OUT180 CON	180	0	10	0	0	
OUT180 CON	180	0	5	0	0	
OUT180 CON	180	0	24	0	0	
OUT180 JET 180	1	3.90566	2.24336	2.98727	
OUT180 CON	180	1	27	0	0	
OUT180 CON	180	1	7	0	0	
OUT180 CON	180	1	36	0	0	
OUT180 END	180	0	0	0	0
