OUT225 START	225	0	0	0	0
OUT225 LP	225	0	6.33686	0.442752	1.06212
OUT225 IP 225	0	0.251994	0.499784	-0.531093
OUT225 IP 225	1	0.294696	0.908558	-0.248009
OUT225 IP 225	2	-0.383887	0.542315	-0.319339
OUT225 IP 225	3	0.0705579	1.24631	-0.48355
OUT225 IP 225	4	0.223633	-0.430136	0.288316
OUT225 IP 225	5	0.489685	0.054659	-0.0696374
OUT225 IP 225	6	2.5346	-0.236622	0.154717
OUT225 IP 225	7	4.7415	0.491067	1.10685
OUT225 IP 225	8	0.444501	-0.383827	-0.243936
OUT225 IP 225	9	0.666385	0.0882174	-0.479381
OUT225 IP 225	10	0.267195	-0.00229188	-0.212434
OUT225 IP 225	11	-2.32883	-1.68663	0.889024
OUT225 IP 225	12	-0.727943	-0.150683	0.597775
OUT225 IP 225	13	-1.13721	-0.125201	-0.951913
OUT225 IP 225	14	0.267566	0.0610619	0.0378182
OUT225 IP 225	15	-0.118082	0.446176	-0.317812
OUT225 IP 225	16	0.0648907	-0.299555	-0.285846
OUT225 IP 225	17	-1.1131	1.02634	-0.801581
OUT225 IP 225	18	-0.652371	0.154906	-0.587585
OUT225 IP 225	19	-1.72911	0.536911	-0.269157
OUT225 IP 225	20	-0.165869	-0.118958	-0.163372
OUT225 IP 225	21	0.949688	0.000851231	-0.888757
OUT225 IP 225	22	6.33686	0.442752	1.06212
OUT225 IP 225	23	0.0609577	-0.428717	-0.288165
OUT225 IP 225	24	-0.133578	-0.281512	0.288099
OUT225 IP 225	25	-0.532699	-1.18454	-0.196952
OUT225 IP 225	26	-0.0687113	-0.247484	0.071818
OUT225 IP 225	27	0.297727	-0.240152	-0.328184
OUT225 IP 225	28	-0.160432	-0.270506	0.29928
OUT225 IP 225	29	-0.305408	-0.044382	-0.173216
OUT225 IP 225	30	-0.463996	-1.12757	0.369391
OUT225 IP 225	31	-0.725987	0.430137	0.220345
OUT225 IP 225	32	-0.204442	-0.356556	-0.154305
OUT225 IP 225	33	0.288032	-0.553805	0.451785
OUT225 IP 225	34	-0.197128	0.274978	-0.196055
OUT225 IP 225	35	0.366526	-0.422234	0.296626
OUT225 IP 225	36	-0.0885575	-0.632242	0.478841
OUT225 IP 225	37	-0.0402644	-0.9108	0.250198
OUT225 IP 225	38	-0.215214	-0.0488174	-0.0936795
OUT225 JetStat	225	1	1	0	0
OUT225 JET 225	0	14.409	0.814003	2.28674	
OUT225 CON	225	0	5	0	0	
OUT225 CON	225	0	6	0	0	
OUT225 CON	225	0	14	0	0	
OUT225 CON	225	0	7	0	0	
OUT225 CON	225	0	22	0	0	
OUT225 END	225	0	0	0	0
