OUT276 START	276	0	0	0	0
OUT276 LP	276	0	-3.62155	-4.33363	-1.24325
OUT276 IP 276	0	0.207472	-1.12835	-0.87402
OUT276 IP 276	1	-3.62155	-4.33363	-1.24325
OUT276 IP 276	2	-1.27397	-1.49827	0.281255
OUT276 IP 276	3	-0.921516	-0.792419	-0.0670196
OUT276 IP 276	4	-1.00674	-0.83383	-0.37159
OUT276 IP 276	5	-0.0930593	0.13153	0.0692135
OUT276 IP 276	6	-0.603136	0.646585	0.299259
OUT276 IP 276	7	-0.142029	-0.193856	-0.145779
OUT276 IP 276	8	-0.725885	-0.385205	0.0840034
OUT276 IP 276	9	0.103878	-0.178333	-0.160874
OUT276 IP 276	10	-0.998399	-1.79809	0.291022
OUT276 IP 276	11	0.505563	-0.40295	-0.0849335
OUT276 IP 276	12	-0.0688767	0.415175	0.212888
OUT276 IP 276	13	0.779577	-0.709938	0.712316
OUT276 IP 276	14	1.17744	-0.203662	-1.10724
OUT276 IP 276	15	-0.279473	1.22164	-0.681388
OUT276 IP 276	16	0.313234	0.0367738	0.0770025
OUT276 IP 276	17	0.0157705	-0.501623	-0.48271
OUT276 IP 276	18	0.306549	-0.324818	0.0545387
OUT276 IP 276	19	0.00436059	-0.535778	-0.00635456
OUT276 IP 276	20	-0.738086	-0.0392297	-0.453848
OUT276 IP 276	21	-1.39511	0.678883	0.920106
OUT276 IP 276	22	-0.528416	0.822006	0.532514
OUT276 IP 276	23	-0.0573524	0.569935	-0.421888
OUT276 IP 276	24	-0.0548083	-0.609547	-0.162368
OUT276 IP 276	25	-0.204557	0.131917	0.0394455
OUT276 IP 276	26	0.30113	-0.0651547	-0.176406
OUT276 IP 276	27	-1.20797	-0.118166	0.764517
OUT276 IP 276	28	-0.816831	-0.128422	0.571605
OUT276 IP 276	29	0.306483	-0.100125	0.0453183
OUT276 IP 276	30	1.03135	-0.0718722	-0.877565
OUT276 IP 276	31	0.303683	0.199489	-0.00434519
OUT276 IP 276	32	0.0992935	-0.184539	-0.0268355
OUT276 IP 276	33	0.185603	-0.126043	-0.112218
OUT276 IP 276	34	-0.258597	-0.114269	-0.194941
OUT276 IP 276	35	0.0423116	0.268775	0.0891952
OUT276 IP 276	36	0.659073	0.198918	-0.156136
OUT276 IP 276	37	-0.280307	-0.0210999	0.115599
OUT276 IP 276	38	-0.386477	-0.017016	0.189657
OUT276 IP 276	39	0.21037	-0.142445	0.0621078
OUT276 IP 276	40	0.643826	0.42752	-0.0702228
OUT276 IP 276	41	0.180662	0.135381	-0.106771
OUT276 JetStat	276	1	1	0	0
OUT276 JET 276	0	-7.87008	-9.3137	-1.09828	
OUT276 CON	276	0	10	0	0	
OUT276 CON	276	0	2	0	0	
OUT276 CON	276	0	3	0	0	
OUT276 CON	276	0	1	0	0	
OUT276 CON	276	0	4	0	0	
OUT276 END	276	0	0	0	0
