OUT266 START	266	0	0	0	0
OUT266 LP	266	0	-0.207503	3.21937	0.547265
OUT266 IP 266	0	-0.0261002	1.42351	0.839199
OUT266 IP 266	1	-0.207503	3.21937	0.547265
OUT266 IP 266	2	-0.0342228	0.230158	-0.0393611
OUT266 IP 266	3	0.259748	0.164568	0.131495
OUT266 IP 266	4	-0.18042	0.417094	0.179369
OUT266 IP 266	5	-0.0531128	0.472997	-0.0203469
OUT266 IP 266	6	-0.456363	-1.10991	0.0208526
OUT266 IP 266	7	0.0476465	0.288706	0.143514
OUT266 IP 266	8	0.406364	0.186059	0.067789
OUT266 IP 266	9	-0.533901	-0.193561	0.332237
OUT266 IP 266	10	-0.701833	-0.2372	0.585693
OUT266 IP 266	11	0.563515	-0.859835	-0.785326
OUT266 IP 266	12	-0.230197	-0.414832	-0.377289
OUT266 IP 266	13	-0.372235	-0.252035	0.286913
OUT266 IP 266	14	-0.271416	1.85769	0.368121
OUT266 IP 266	15	-0.245384	1.41398	0.557185
OUT266 IP 266	16	-0.0211348	1.27916	0.842506
OUT266 IP 266	17	0.077696	0.36321	0.231927
OUT266 JetStat	266	1	1	0	0
OUT266 JET 266	0	-0.99764	10.6507	3.34879	
OUT266 CON	266	0	0	0	0	
OUT266 CON	266	0	16	0	0	
OUT266 CON	266	0	7	0	0	
OUT266 CON	266	0	2	0	0	
OUT266 CON	266	0	4	0	0	
OUT266 CON	266	0	5	0	0	
OUT266 CON	266	0	15	0	0	
OUT266 CON	266	0	1	0	0	
OUT266 CON	266	0	14	0	0	
OUT266 END	266	0	0	0	0
