OUT42 START	42	0	0	0	0
OUT42 LP	42	0	6.13578	-1.84239	4.28147
OUT42 IP 42	0	0.907365	-0.27155	0.48156
OUT42 IP 42	1	1.62563	1.03095	0.051227
OUT42 IP 42	2	0.215197	0.284134	-0.171519
OUT42 IP 42	3	-1.30192	-1.19467	-0.455564
OUT42 IP 42	4	-0.942318	0.0767836	0.631628
OUT42 IP 42	5	-0.961877	0.38982	1.05072
OUT42 IP 42	6	0.311109	0.567774	0.345753
OUT42 IP 42	7	0.382722	1.33745	-0.516114
OUT42 IP 42	8	-0.638712	0.0773816	0.436564
OUT42 IP 42	9	2.08055	-0.588626	0.964386
OUT42 IP 42	10	4.09049	-0.331029	1.80745
OUT42 IP 42	11	6.13578	-1.84239	4.28147
OUT42 IP 42	12	0.719421	1.7345	-1.05633
OUT42 IP 42	13	-0.155022	-0.0925614	-0.0780854
OUT42 IP 42	14	0.476654	-0.615741	-0.0449321
OUT42 IP 42	15	-0.150776	-0.384416	-0.33011
OUT42 IP 42	16	0.931286	0.623995	0.627935
OUT42 IP 42	17	0.497386	0.2835	-0.220937
OUT42 IP 42	18	-1.27562	-0.465734	-0.906898
OUT42 IP 42	19	-1.48948	-1.26798	-1.0134
OUT42 IP 42	20	-0.314358	0.0208054	0.055505
OUT42 IP 42	21	-0.298968	0.284542	-0.134804
OUT42 IP 42	22	-1.4769	1.75023	1.2971
OUT42 IP 42	23	0.2544	0.569259	-0.22545
OUT42 IP 42	24	-0.462355	0.194492	0.450339
OUT42 IP 42	25	1.06896	0.147036	0.0985598
OUT42 IP 42	26	0.393688	-0.191016	-0.0223728
OUT42 IP 42	27	3.32767	-0.433981	1.78413
OUT42 IP 42	28	0.978668	-0.223897	0.167319
OUT42 IP 42	29	0.132061	0.481206	0.196589
OUT42 IP 42	30	-0.439164	-0.47557	-0.257422
OUT42 IP 42	31	-0.0266493	-0.185791	0.171327
OUT42 IP 42	32	-0.208512	-0.333259	-0.354413
OUT42 IP 42	33	-0.416811	-0.395493	-0.00804562
OUT42 IP 42	34	-0.747406	-0.260524	0.722835
OUT42 IP 42	35	0.412799	-0.177889	-0.0929004
OUT42 IP 42	36	0.457447	-0.0271008	0.112467
OUT42 IP 42	37	0.140453	0.236469	0.255307
OUT42 JetStat	42	4	4	0	0
OUT42 JET 42	0	18.0556	-3.73384	9.53288	
OUT42 CON	42	0	28	0	0	
OUT42 CON	42	0	36	0	0	
OUT42 CON	42	0	0	0	0	
OUT42 CON	42	0	11	0	0	
OUT42 CON	42	0	9	0	0	
OUT42 CON	42	0	10	0	0	
OUT42 CON	42	0	27	0	0	
OUT42 JET 42	1	-3.80784	-3.43098	-1.79312	
OUT42 CON	42	1	33	0	0	
OUT42 CON	42	1	3	0	0	
OUT42 CON	42	1	13	0	0	
OUT42 CON	42	1	19	0	0	
OUT42 CON	42	1	30	0	0	
OUT42 JET 42	2	1.5802	3.94408	-1.9624	
OUT42 CON	42	2	2	0	0	
OUT42 CON	42	2	7	0	0	
OUT42 CON	42	2	12	0	0	
OUT42 CON	42	2	23	0	0	
OUT42 JET 42	3	-3.03791	0.746514	2.55072	
OUT42 CON	42	3	4	0	0	
OUT42 CON	42	3	8	0	0	
OUT42 CON	42	3	5	0	0	
OUT42 CON	42	3	24	0	0	
OUT42 END	42	0	0	0	0
