OUT41 START	41	0	0	0	0
OUT41 LP	41	0	0.858426	-6.22674	2.68336
OUT41 IP 41	0	-3.03611	0.311164	-0.145769
OUT41 IP 41	1	0.00552183	-0.445657	-0.450235
OUT41 IP 41	2	0.407449	-2.5795	1.55924
OUT41 IP 41	3	-0.0493462	-0.565894	0.0986788
OUT41 IP 41	4	0.858426	-6.22674	2.68336
OUT41 IP 41	5	0.0573364	-1.72263	0.930345
OUT41 IP 41	6	-0.0254906	-0.756261	-0.427973
OUT41 IP 41	7	0.166071	0.00791894	0.0551258
OUT41 IP 41	8	0.0765037	-0.831773	0.249332
OUT41 IP 41	9	-0.0772711	-1.4515	1.18605
OUT41 IP 41	10	-0.121789	-0.56309	-0.51333
OUT41 IP 41	11	0.051295	-0.308132	0.249347
OUT41 IP 41	12	0.418	0.00694	0.344281
OUT41 IP 41	13	-0.497594	-0.153393	-0.453485
OUT41 JetStat	41	2	2	0	0
OUT41 JET 41	0	1.32695	-13.726	6.89114	
OUT41 CON	41	0	3	0	0	
OUT41 CON	41	0	9	0	0	
OUT41 CON	41	0	11	0	0	
OUT41 CON	41	0	2	0	0	
OUT41 CON	41	0	5	0	0	
OUT41 CON	41	0	4	0	0	
OUT41 CON	41	0	8	0	0	
OUT41 JET 41	1	-3.03611	0.311164	-0.145769	
OUT41 CON	41	1	0	0	0	
OUT41 END	41	0	0	0	0
