OUT65 START	65	0	0	0	0
OUT65 LP	65	0	-6.37828	0.549468	4.88322
OUT65 IP 65	0	0.266474	0.953315	0.532704
OUT65 IP 65	1	-0.0924878	-0.772158	-0.498062
OUT65 IP 65	2	-0.283194	0.0967816	0.024253
OUT65 IP 65	3	0.190413	-0.0163985	-0.0565047
OUT65 IP 65	4	0.173159	-0.0430684	0.0979022
OUT65 IP 65	5	0.534354	0.319207	0.56844
OUT65 IP 65	6	0.280226	-0.0433959	-0.0470415
OUT65 IP 65	7	0.03099	-0.327475	0.0636246
OUT65 IP 65	8	1.08049	-0.294268	0.397353
OUT65 IP 65	9	-0.108999	0.670152	0.328878
OUT65 IP 65	10	0.858474	1.10632	1.09545
OUT65 IP 65	11	-0.413639	1.35391	-0.123608
OUT65 IP 65	12	0.443873	0.442897	0.0795583
OUT65 IP 65	13	-0.144378	0.0892951	0.0450526
OUT65 IP 65	14	0.729613	0.212352	-0.423145
OUT65 IP 65	15	0.314394	-0.208864	0.275378
OUT65 IP 65	16	0.753264	-1.36376	1.28549
OUT65 IP 65	17	1.65657	-1.13277	1.76352
OUT65 IP 65	18	0.923999	-1.04593	0.706163
OUT65 IP 65	19	1.09523	-0.947447	0.4867
OUT65 IP 65	20	-0.423678	-0.3273	0.497564
OUT65 IP 65	21	-0.572175	0.261707	0.00801546
OUT65 IP 65	22	-0.313927	0.0762114	0.313844
OUT65 IP 65	23	-0.83187	0.550825	-0.299212
OUT65 IP 65	24	-1.54875	0.0209108	1.02798
OUT65 IP 65	25	-0.605204	1.91258	1.38606
OUT65 IP 65	26	0.233237	0.246074	0.228324
OUT65 IP 65	27	0.0596646	0.396147	0.357998
OUT65 IP 65	28	-0.928262	0.218908	0.513241
OUT65 IP 65	29	0.436377	0.166908	-0.208642
OUT65 IP 65	30	0.0502553	-0.198287	-0.024178
OUT65 IP 65	31	-0.118415	-0.29344	-0.163908
OUT65 IP 65	32	-1.77695	0.0630273	1.47378
OUT65 IP 65	33	-1.73923	0.636443	0.487655
OUT65 IP 65	34	-1.25186	-0.0393345	0.757852
OUT65 IP 65	35	-6.37828	0.549468	4.88322
OUT65 JetStat	65	1	1	0	0
OUT65 JET 65	0	-12.2256	0.891781	8.94516	
OUT65 CON	65	0	22	0	0	
OUT65 CON	65	0	28	0	0	
OUT65 CON	65	0	34	0	0	
OUT65 CON	65	0	24	0	0	
OUT65 CON	65	0	32	0	0	
OUT65 CON	65	0	35	0	0	
OUT65 END	65	0	0	0	0
