OUT283 START	283	0	0	0	0
OUT283 LP	283	0	-2.86839	0.988562	1.27101
OUT283 IP 283	0	0.692255	2.44878	-0.724454
OUT283 IP 283	1	0.398304	1.11955	-1.10513
OUT283 IP 283	2	1.61191	0.154609	0.711527
OUT283 IP 283	3	0.108788	-0.121179	-0.104346
OUT283 IP 283	4	1.61367	0.879489	-1.15118
OUT283 IP 283	5	0.538634	-0.175213	0.0464032
OUT283 IP 283	6	-0.384796	0.362112	-0.488249
OUT283 IP 283	7	-0.965038	-1.46189	-0.506686
OUT283 IP 283	8	-0.35726	-0.320807	0.292535
OUT283 IP 283	9	-0.830743	-2.11479	-0.577282
OUT283 IP 283	10	0.410646	-0.612737	-0.160372
OUT283 IP 283	11	-2.36916	-0.373889	0.75907
OUT283 IP 283	12	-0.427682	0.58892	0.0180457
OUT283 IP 283	13	-3.51315	1.08993	1.04387
OUT283 IP 283	14	-0.0192723	0.207971	-0.0687801
OUT283 IP 283	15	-0.290465	-0.203598	0.349628
OUT283 IP 283	16	0.400639	-0.00666064	-0.179293
OUT283 IP 283	17	-0.676391	0.451069	0.568134
OUT283 IP 283	18	0.181444	-0.323927	0.20252
OUT283 IP 283	19	1.54399	-0.272823	-0.489906
OUT283 IP 283	20	0.741262	-0.0875401	0.3093
OUT283 IP 283	21	0.985914	0.200871	-0.710776
OUT283 IP 283	22	0.431813	-0.569905	-0.433606
OUT283 IP 283	23	-0.0189692	-0.36852	0.207827
OUT283 IP 283	24	-0.918154	0.166725	0.656369
OUT283 IP 283	25	0.00249029	-0.182491	-0.163368
OUT283 IP 283	26	-2.76802	0.938934	0.914815
OUT283 IP 283	27	-2.86839	0.988562	1.27101
OUT283 IP 283	28	0.451783	-0.418369	0.20507
OUT283 IP 283	29	-0.206569	-0.0916608	0.180141
OUT283 IP 283	30	-0.167918	0.206348	0.184661
OUT283 IP 283	31	0.616937	0.713033	0.390641
OUT283 IP 283	32	-0.159921	0.210107	-0.067809
OUT283 IP 283	33	-0.261082	0.0716248	-0.114719
OUT283 IP 283	34	0.217778	0.257394	0.170904
OUT283 IP 283	35	0.479854	0.130214	-0.31931
OUT283 IP 283	36	-0.209492	-0.16805	-0.227822
OUT283 IP 283	37	-0.0717296	-0.142901	0.140182
OUT283 IP 283	38	0.0247546	-0.216928	0.182513
OUT283 JetStat	283	3	3	0	0
OUT283 JET 283	0	-10.0765	3.18662	3.86001	
OUT283 CON	283	0	24	0	0	
OUT283 CON	283	0	27	0	0	
OUT283 CON	283	0	13	0	0	
OUT283 CON	283	0	26	0	0	
OUT283 JET 283	1	-1.80565	-3.59591	-1.08381	
OUT283 CON	283	1	7	0	0	
OUT283 CON	283	1	9	0	0	
OUT283 JET 283	2	3.10966	1.22203	-2.18029	
OUT283 CON	283	2	4	0	0	
OUT283 CON	283	2	21	0	0	
OUT283 CON	283	2	35	0	0	
OUT283 END	283	0	0	0	0
