OUT102 START	102	0	0	0	0
OUT102 LP	102	0	2.61452	-2.12115	0.057718
OUT102 IP 102	0	-0.785828	0.113771	0.0693807
OUT102 IP 102	1	0.49818	0.153454	-0.234004
OUT102 IP 102	2	0.476002	0.261188	0.367953
OUT102 IP 102	3	0.277638	0.312136	-0.20741
OUT102 IP 102	4	0.701872	0.41393	-0.740561
OUT102 IP 102	5	-0.230677	-0.115072	0.00811162
OUT102 IP 102	6	-0.0918447	-1.80679	0.445094
OUT102 IP 102	7	0.648135	-0.688772	0.617548
OUT102 IP 102	8	0.353937	-0.393396	0.341004
OUT102 IP 102	9	-0.0140808	-0.701225	0.151367
OUT102 IP 102	10	2.35544	-2.77889	2.16458
OUT102 IP 102	11	0.0147903	-1.56492	0.22011
OUT102 IP 102	12	-0.0673859	-1.79508	0.974412
OUT102 IP 102	13	0.0282631	-0.268106	0.104997
OUT102 IP 102	14	-0.548236	-0.156529	0.479487
OUT102 IP 102	15	-1.4417	0.294689	1.43459
OUT102 IP 102	16	-0.527676	0.392756	-0.0784134
OUT102 IP 102	17	-1.13405	1.97218	-1.21945
OUT102 IP 102	18	0.176217	-0.103528	-0.0462308
OUT102 IP 102	19	1.9843	-0.986728	0.534938
OUT102 IP 102	20	-0.0364374	-0.964147	0.411691
OUT102 IP 102	21	-0.888215	0.0925639	0.336453
OUT102 IP 102	22	-0.314605	0.678459	0.692471
OUT102 IP 102	23	-0.533647	1.15509	1.13437
OUT102 IP 102	24	-0.294988	1.48917	1.38428
OUT102 IP 102	25	1.35398	-0.348788	-0.870267
OUT102 IP 102	26	0.217332	-0.766176	0.57786
OUT102 IP 102	27	0.251044	-0.481796	0.404083
OUT102 IP 102	28	-0.69656	-1.00634	1.15936
OUT102 IP 102	29	-0.546016	-0.102487	0.504135
OUT102 IP 102	30	-2.74108	1.03903	0.351722
OUT102 IP 102	31	-0.55597	0.624332	0.320334
OUT102 IP 102	32	-0.622485	0.460333	-0.515062
OUT102 IP 102	33	0.640876	-0.0549135	-0.138954
OUT102 IP 102	34	-0.280267	0.700766	-0.667785
OUT102 IP 102	35	-1.31761	2.13633	0.317699
OUT102 IP 102	36	0.2683	-0.188269	-0.198226
OUT102 IP 102	37	3.33454	-1.69756	-0.395865
OUT102 IP 102	38	0.411229	-0.491279	-0.112506
OUT102 IP 102	39	0.119616	-0.23603	-0.259691
OUT102 IP 102	40	2.61452	-2.12115	0.057718
OUT102 IP 102	41	0.225229	-0.0947428	0.248724
OUT102 IP 102	42	-0.616653	0.313769	0.645242
OUT102 IP 102	43	-1.03089	-0.144677	-0.238845
OUT102 IP 102	44	-1.00521	-0.566862	-0.603716
OUT102 IP 102	45	-1.65573	0.0699342	0.0132365
OUT102 IP 102	46	0.404836	0.158372	0.326022
OUT102 IP 102	47	0.302356	0.422595	-0.084404
OUT102 IP 102	48	-0.691624	1.03902	0.576579
OUT102 IP 102	49	-0.312387	1.06982	0.707196
OUT102 IP 102	50	-0.250148	-0.190499	0.172798
OUT102 IP 102	51	-0.0872899	0.19029	0.00371373
OUT102 IP 102	52	0.136569	0.157643	0.0650083
OUT102 IP 102	53	-0.112011	0.423031	0.443329
OUT102 IP 102	54	-0.220248	0.167293	-0.0425606
OUT102 IP 102	55	-0.460439	0.784431	-0.246055
OUT102 IP 102	56	-0.262843	0.474038	-0.382316
OUT102 IP 102	57	0.00261302	0.310212	-0.0751738
OUT102 IP 102	58	-0.179644	0.176262	-0.0539672
OUT102 JetStat	102	7	7	0	0
OUT102 JET 102	0	8.58817	-5.44661	0.0346785	
OUT102 CON	102	0	38	0	0	
OUT102 CON	102	0	19	0	0	
OUT102 CON	102	0	40	0	0	
OUT102 CON	102	0	18	0	0	
OUT102 CON	102	0	37	0	0	
OUT102 JET 102	1	-0.166693	-7.10429	2.28252	
OUT102 CON	102	1	12	0	0	
OUT102 CON	102	1	13	0	0	
OUT102 CON	102	1	20	0	0	
OUT102 CON	102	1	11	0	0	
OUT102 CON	102	1	6	0	0	
OUT102 CON	102	1	9	0	0	
OUT102 JET 102	2	-6.13336	1.32883	0.764251	
OUT102 CON	102	2	21	0	0	
OUT102 CON	102	2	45	0	0	
OUT102 CON	102	2	0	0	0	
OUT102 CON	102	2	30	0	0	
OUT102 JET 102	3	3.61728	-4.35465	3.5245	
OUT102 CON	102	3	27	0	0	
OUT102 CON	102	3	7	0	0	
OUT102 CON	102	3	8	0	0	
OUT102 CON	102	3	10	0	0	
OUT102 JET 102	4	-1.57585	4.84041	4.34288	
OUT102 CON	102	4	49	0	0	
OUT102 CON	102	4	22	0	0	
OUT102 CON	102	4	23	0	0	
OUT102 CON	102	4	24	0	0	
OUT102 CON	102	4	53	0	0	
OUT102 JET 102	5	-2.6595	4.00008	1.20362	
OUT102 CON	102	5	48	0	0	
OUT102 CON	102	5	31	0	0	
OUT102 CON	102	5	35	0	0	
OUT102 CON	102	5	51	0	0	
OUT102 JET 102	6	-2.14047	3.9371	-2.48058	
OUT102 CON	102	6	34	0	0	
OUT102 CON	102	6	55	0	0	
OUT102 CON	102	6	17	0	0	
OUT102 CON	102	6	56	0	0	
OUT102 END	102	0	0	0	0
