OUT293 START	293	0	0	0	0
OUT293 LP	293	0	2.31679	7.75246	-6.14576
OUT293 IP 293	0	0.182193	-0.237609	0.0863827
OUT293 IP 293	1	-0.139581	0.315861	0.219357
OUT293 IP 293	2	0.267221	0.434969	-0.368534
OUT293 IP 293	3	0.49537	0.233879	-0.380981
OUT293 IP 293	4	0.208764	-0.671435	0.0900103
OUT293 IP 293	5	0.692172	-0.000635602	-0.476561
OUT293 IP 293	6	-0.248713	1.15425	0.996159
OUT293 IP 293	7	-0.912307	-0.216231	-0.0310799
OUT293 IP 293	8	-0.194138	-0.321686	0.214232
OUT293 IP 293	9	1.04537	-1.13945	-1.43071
OUT293 IP 293	10	0.195572	-1.46378	-1.44764
OUT293 IP 293	11	0.423651	-0.580622	0.735289
OUT293 IP 293	12	-0.695453	0.675378	-0.798373
OUT293 IP 293	13	-0.201031	0.150656	0.206466
OUT293 IP 293	14	0.376332	0.512623	0.544057
OUT293 IP 293	15	0.573892	0.143697	0.059328
OUT293 IP 293	16	-0.637199	2.07861	-1.3915
OUT293 IP 293	17	-0.912026	0.242913	-0.345906
OUT293 IP 293	18	-0.191684	0.35753	0.0610743
OUT293 IP 293	19	0.432515	0.274405	0.486343
OUT293 IP 293	20	0.0825765	0.523168	-0.226795
OUT293 IP 293	21	-0.0701499	0.350641	0.297998
OUT293 IP 293	22	0.346614	0.770586	-0.667758
OUT293 IP 293	23	0.263495	0.10065	-0.186928
OUT293 IP 293	24	0.194924	0.410887	-0.0422917
OUT293 IP 293	25	-0.230544	0.13527	-0.272063
OUT293 IP 293	26	1.36154	0.31678	-1.22987
OUT293 IP 293	27	0.845425	-0.466763	-0.520166
OUT293 IP 293	28	0.145329	-0.804138	0.312466
OUT293 IP 293	29	0.729119	-0.45914	-0.845855
OUT293 IP 293	30	-0.241069	-0.0890776	-0.0085344
OUT293 IP 293	31	0.0646013	-0.322259	0.244462
OUT293 IP 293	32	-0.0882057	0.172501	0.0777651
OUT293 IP 293	33	-0.00623849	-0.34864	-0.0530873
OUT293 IP 293	34	-0.0709059	-0.435515	0.180566
OUT293 IP 293	35	-0.0558434	-0.156859	0.00127692
OUT293 IP 293	36	1.55358	4.95663	-3.7558
OUT293 IP 293	37	2.31679	7.75246	-6.14576
OUT293 IP 293	38	0.658844	0.121551	0.225469
OUT293 IP 293	39	0.368806	-0.17094	-0.0728255
OUT293 IP 293	40	-0.264719	0.0571041	0.0251376
OUT293 IP 293	41	-0.0840296	-0.179027	0.181684
OUT293 IP 293	42	-0.621512	-0.199358	0.0264741
OUT293 IP 293	43	-0.128328	-0.269579	-0.0404566
OUT293 IP 293	44	-0.187523	0.114405	-0.0470126
OUT293 IP 293	45	0.226094	0.0195438	-0.209209
OUT293 IP 293	46	-0.342784	-0.397059	-0.285315
OUT293 JetStat	293	3	3	0	0
OUT293 JET 293	0	4.5763	14.4641	-11.151	
OUT293 CON	293	0	20	0	0	
OUT293 CON	293	0	2	0	0	
OUT293 CON	293	0	22	0	0	
OUT293 CON	293	0	36	0	0	
OUT293 CON	293	0	37	0	0	
OUT293 JET 293	1	2.6493	-2.08878	-2.76824	
OUT293 CON	293	1	27	0	0	
OUT293 CON	293	1	9	0	0	
OUT293 CON	293	1	29	0	0	
OUT293 JET 293	2	3.07304	0.677695	-2.47583	
OUT293 CON	293	2	5	0	0	
OUT293 CON	293	2	3	0	0	
OUT293 CON	293	2	23	0	0	
OUT293 CON	293	2	26	0	0	
OUT293 CON	293	2	45	0	0	
OUT293 END	293	0	0	0	0
