OUT26 START	26	0	0	0	0
OUT26 LP	26	0	-5.78965	-2.92923	-6.16945
OUT26 IP 26	0	-5.78965	-2.92923	-6.16945
OUT26 IP 26	1	0.492918	1.30498	-0.883579
OUT26 IP 26	2	-0.571432	-0.118451	0.36545
OUT26 IP 26	3	0.582544	-0.543621	-0.47062
OUT26 IP 26	4	0.256856	-0.119812	-0.0127075
OUT26 IP 26	5	0.575174	-0.751682	-0.347356
OUT26 IP 26	6	0.298887	-0.154304	-0.0984945
OUT26 IP 26	7	2.07491	0.35698	-1.64165
OUT26 IP 26	8	2.48876	0.99387	-0.0851406
OUT26 IP 26	9	0.88592	0.936891	-0.201543
OUT26 IP 26	10	-0.174096	0.365857	0.41108
OUT26 IP 26	11	0.687008	-0.196492	0.5407
OUT26 IP 26	12	-0.118651	-0.197733	-0.0459119
OUT26 IP 26	13	0.712435	0.0950546	0.618732
OUT26 IP 26	14	-0.162389	0.2851	-0.177241
OUT26 IP 26	15	0.470562	-0.0483092	-0.387857
OUT26 IP 26	16	-0.940024	-0.469855	-0.649573
OUT26 IP 26	17	0.150928	-0.21934	-0.222893
OUT26 IP 26	18	-0.101556	-0.115328	-0.0984355
OUT26 IP 26	19	0.264929	-0.312617	0.118547
OUT26 IP 26	20	0.0197536	-0.292473	0.172746
OUT26 IP 26	21	0.580571	0.429452	-0.475308
OUT26 IP 26	22	0.239485	0.116752	0.0769136
OUT26 IP 26	23	-0.635341	-0.276321	-0.0567516
OUT26 IP 26	24	0.296023	-0.275786	-0.146475
OUT26 IP 26	25	0.247855	-0.298989	-0.0482943
OUT26 IP 26	26	-0.21754	0.0890788	-0.110906
OUT26 IP 26	27	-0.95272	-0.35614	-0.754236
OUT26 IP 26	28	0.116683	0.512951	0.416579
OUT26 IP 26	29	-0.0429979	0.172919	0.153215
OUT26 IP 26	30	-0.0361535	-0.286298	-0.234002
OUT26 IP 26	31	0.336509	0.30602	-0.096509
OUT26 IP 26	32	0.0908386	0.41382	-0.0046286
OUT26 IP 26	33	1.12133	4.67254	-0.641923
OUT26 IP 26	34	0.828651	3.06284	-0.455146
OUT26 IP 26	35	1.37982	5.28522	-0.646252
OUT26 JetStat	26	2	2	0	0
OUT26 JET 26	0	3.42092	13.4355	-1.74761	
OUT26 CON	26	0	32	0	0	
OUT26 CON	26	0	34	0	0	
OUT26 CON	26	0	33	0	0	
OUT26 CON	26	0	35	0	0	
OUT26 JET 26	1	-7.68734	-3.75748	-7.54212	
OUT26 CON	26	1	16	0	0	
OUT26 CON	26	1	0	0	0	
OUT26 CON	26	1	27	0	0	
OUT26 END	26	0	0	0	0
