OUT148 START	148	0	0	0	0
OUT148 LP	148	0	2.57077	-2.22292	0.122603
OUT148 IP 148	0	2.67694	-2.39819	-0.474603
OUT148 IP 148	1	0.621664	-0.602339	-0.660818
OUT148 IP 148	2	0.376234	0.699885	0.793903
OUT148 IP 148	3	2.02318	-1.95303	0.631948
OUT148 IP 148	4	1.16413	-0.174296	0.153739
OUT148 IP 148	5	1.56603	0.282779	-0.949729
OUT148 IP 148	6	-0.126234	-0.164807	-0.181409
OUT148 IP 148	7	0.76635	0.0133747	-0.173842
OUT148 IP 148	8	0.301579	0.224413	0.156065
OUT148 IP 148	9	-0.671597	0.493513	-0.474225
OUT148 IP 148	10	0.282601	0.659476	-0.114921
OUT148 IP 148	11	0.55297	-0.87927	0.140171
OUT148 IP 148	12	2.57077	-2.22292	0.122603
OUT148 IP 148	13	1.14477	-0.915872	-0.897904
OUT148 IP 148	14	-0.329766	-0.314359	-0.452167
OUT148 IP 148	15	-0.661618	0.275502	0.544857
OUT148 IP 148	16	-0.167631	-0.00535235	0.114829
OUT148 IP 148	17	0.408572	-0.0689841	-0.402908
OUT148 IP 148	18	0.977321	-0.0225488	-0.487661
OUT148 IP 148	19	0.859904	0.256134	-0.676278
OUT148 IP 148	20	0.48554	0.019526	0.278035
OUT148 IP 148	21	-0.374261	0.793989	-0.882621
OUT148 IP 148	22	0.794724	-0.092877	-0.0028189
OUT148 IP 148	23	0.7193	-0.468931	0.224875
OUT148 IP 148	24	0.401235	-0.149305	0.24811
OUT148 IP 148	25	-2.07515	0.963207	2.11963
OUT148 JetStat	148	3	3	0	0
OUT148 JET 148	0	8.57886	-7.95867	0.638535	
OUT148 CON	148	0	11	0	0	
OUT148 CON	148	0	23	0	0	
OUT148 CON	148	0	3	0	0	
OUT148 CON	148	0	0	0	0	
OUT148 CON	148	0	12	0	0	
OUT148 JET 148	1	4.19889	0.533438	-2.26318	
OUT148 CON	148	1	7	0	0	
OUT148 CON	148	1	18	0	0	
OUT148 CON	148	1	5	0	0	
OUT148 CON	148	1	19	0	0	
OUT148 JET 148	2	-2.73717	1.23889	2.66071	
OUT148 CON	148	2	15	0	0	
OUT148 CON	148	2	25	0	0	
OUT148 END	148	0	0	0	0
