OUT245 START	245	0	0	0	0
OUT245 LP	245	0	3.31367	-5.95771	4.35347
OUT245 IP 245	0	0.153033	0.210578	0.0500505
OUT245 IP 245	1	-0.189761	0.320505	-0.182468
OUT245 IP 245	2	0.215757	0.0539819	-0.0174538
OUT245 IP 245	3	-0.417583	-0.522048	0.555118
OUT245 IP 245	4	3.31367	-5.95771	4.35347
OUT245 IP 245	5	0.510754	-0.258038	-0.408296
OUT245 IP 245	6	0.429066	-0.210982	0.157044
OUT245 IP 245	7	0.671319	-1.34571	0.733132
OUT245 IP 245	8	1.82803	-0.0562005	0.0213851
OUT245 IP 245	9	0.876424	-0.230265	0.580485
OUT245 IP 245	10	-0.836725	-1.93573	2.00254
OUT245 IP 245	11	-0.345298	1.39855	1.06144
OUT245 IP 245	12	0.0204953	0.547668	0.246236
OUT245 IP 245	13	-0.0588008	0.405204	-0.0865775
OUT245 IP 245	14	0.0742039	-0.239426	-0.0579815
OUT245 IP 245	15	0.115278	1.4841	0.820234
OUT245 IP 245	16	-0.615664	-0.0866691	-0.0758844
OUT245 IP 245	17	0.119344	-0.252665	0.128951
OUT245 IP 245	18	0.192295	1.07479	0.303448
OUT245 IP 245	19	1.04103	-0.214261	0.173953
OUT245 IP 245	20	0.562426	-0.0718414	-0.160322
OUT245 IP 245	21	2.64715	-2.06674	-0.841135
OUT245 IP 245	22	-0.327759	-0.712089	-0.149391
OUT245 IP 245	23	-0.285033	-1.09306	-0.298001
OUT245 IP 245	24	-0.357283	-0.0617183	0.105972
OUT245 IP 245	25	-0.202	0.23314	0.0634811
OUT245 IP 245	26	-1.47497	0.458239	-0.141062
OUT245 IP 245	27	-0.0119368	-0.710616	-0.0255668
OUT245 IP 245	28	0.136387	-0.370385	-0.107288
OUT245 IP 245	29	-0.392355	0.163024	-0.0365608
OUT245 IP 245	30	-0.451378	-0.113205	-0.211076
OUT245 IP 245	31	0.109905	-0.504031	0.180861
OUT245 IP 245	32	0.796695	-0.426349	-0.545424
OUT245 IP 245	33	0.955314	-0.418672	-0.950734
OUT245 IP 245	34	0.524578	-0.632061	0.300825
OUT245 IP 245	35	-0.263332	-0.304008	0.249315
OUT245 IP 245	36	0.221225	0.872086	0.369842
OUT245 IP 245	37	0.0140793	0.278183	0.109823
OUT245 IP 245	38	0.257282	-0.183855	-0.103495
OUT245 IP 245	39	0.262315	-0.393052	0.400858
OUT245 IP 245	40	0.512254	-1.33225	-1.35619
OUT245 IP 245	41	-0.0574756	-0.321337	0.00791138
OUT245 IP 245	42	-0.286292	-0.277854	-0.13169
OUT245 IP 245	43	0.603169	0.478427	-0.587931
OUT245 IP 245	44	-0.174365	0.198281	0.05531
OUT245 IP 245	45	-0.25062	0.452512	-0.482433
OUT245 IP 245	46	0.0576655	0.23079	-0.0182168
OUT245 IP 245	47	-0.318848	0.224498	0.0690545
OUT245 JetStat	245	5	5	0	0
OUT245 JET 245	0	5.01925	-9.12044	6.06855	
OUT245 CON	245	0	31	0	0	
OUT245 CON	245	0	34	0	0	
OUT245 CON	245	0	39	0	0	
OUT245 CON	245	0	17	0	0	
OUT245 CON	245	0	4	0	0	
OUT245 CON	245	0	7	0	0	
OUT245 JET 245	1	4.22593	-2.94426	-1.8697	
OUT245 CON	245	1	5	0	0	
OUT245 CON	245	1	32	0	0	
OUT245 CON	245	1	21	0	0	
OUT245 CON	245	1	38	0	0	
OUT245 JET 245	2	0.565164	4.26948	1.84106	
OUT245 CON	245	2	18	0	0	
OUT245 CON	245	2	36	0	0	
OUT245 CON	245	2	37	0	0	
OUT245 CON	245	2	12	0	0	
OUT245 CON	245	2	15	0	0	
OUT245 JET 245	3	3.66978	-0.289159	0.0188753	
OUT245 CON	245	3	2	0	0	
OUT245 CON	245	3	20	0	0	
OUT245 CON	245	3	8	0	0	
OUT245 CON	245	3	19	0	0	
OUT245 JET 245	4	-1.53203	-2.7861	2.79716	
OUT245 CON	245	4	35	0	0	
OUT245 CON	245	4	3	0	0	
OUT245 CON	245	4	10	0	0	
OUT245 END	245	0	0	0	0
