OUT278 START	278	0	0	0	0
OUT278 LP	278	0	-5.30564	-0.925609	5.47095
OUT278 IP 278	0	-0.195955	0.384852	0.36733
OUT278 IP 278	1	-1.82775	-0.449395	0.608554
OUT278 IP 278	2	-5.30564	-0.925609	5.47095
OUT278 IP 278	3	-0.467124	0.23892	0.0766976
OUT278 IP 278	4	-0.28941	0.404244	-0.490848
OUT278 IP 278	5	-1.53609	0.929015	0.992606
OUT278 IP 278	6	-0.342145	-0.27229	-0.150945
OUT278 IP 278	7	-3.73367	-1.38432	3.41801
OUT278 IP 278	8	-0.816223	-0.415722	0.593874
OUT278 IP 278	9	-0.601271	-0.27103	-0.100529
OUT278 IP 278	10	0.27603	-0.259059	-0.16828
OUT278 IP 278	11	0.413109	0.0497984	-0.158197
OUT278 IP 278	12	0.690444	-0.76313	0.854461
OUT278 IP 278	13	0.338666	-0.999737	0.264074
OUT278 IP 278	14	-0.150465	-0.153552	-0.00702036
OUT278 IP 278	15	0.121518	0.167947	-0.152668
OUT278 IP 278	16	-1.24504	-0.192601	-0.653169
OUT278 IP 278	17	-0.101701	0.231898	-0.0200642
OUT278 JetStat	278	1	1	0	0
OUT278 JET 278	0	-9.91151	-2.742	9.44958	
OUT278 CON	278	0	8	0	0	
OUT278 CON	278	0	2	0	0	
OUT278 CON	278	0	7	0	0	
OUT278 END	278	0	0	0	0
