OUT190 START	190	0	0	0	0
OUT190 LP	190	0	-8.94163	2.11944	8.47469
OUT190 IP 190	0	-0.452174	-0.0242756	-0.381387
OUT190 IP 190	1	0.0742245	0.760541	0.33148
OUT190 IP 190	2	0.258501	-0.277409	0.0637707
OUT190 IP 190	3	-8.94163	2.11944	8.47469
OUT190 IP 190	4	1.05137	-0.170951	-0.466915
OUT190 IP 190	5	0.272117	0.167256	0.0564405
OUT190 IP 190	6	0.139079	-0.579525	0.444748
OUT190 IP 190	7	0.198153	0.332969	0.196258
OUT190 IP 190	8	-0.953706	0.326051	0.260715
OUT190 IP 190	9	-0.247911	0.531094	-0.124106
OUT190 IP 190	10	-0.109553	-0.120441	-0.0122079
OUT190 IP 190	11	0.418604	-0.263096	0.435281
OUT190 IP 190	12	-0.265166	0.169744	-0.187475
OUT190 IP 190	13	0.320051	-0.135422	0.314723
OUT190 IP 190	14	0.221194	-0.0884756	0.0418062
OUT190 IP 190	15	0.180002	-0.378449	0.0246611
OUT190 IP 190	16	-0.35951	-0.0447476	0.30311
OUT190 IP 190	17	-0.683048	-1.60417	0.643062
OUT190 IP 190	18	-0.200342	-0.132402	0.212289
OUT190 IP 190	19	0.00530439	-0.673092	-0.0343988
OUT190 IP 190	20	0.758414	-1.37297	0.832024
OUT190 IP 190	21	-0.100647	0.299266	0.00815111
OUT190 IP 190	22	0.459236	-0.0808229	0.360877
OUT190 IP 190	23	0.235389	0.285872	0.343916
OUT190 IP 190	24	-0.451552	0.581456	-0.566459
OUT190 IP 190	25	0.183241	-0.0474975	0.146986
OUT190 IP 190	26	0.0963666	0.374662	-0.0348419
OUT190 IP 190	27	0.32485	1.10242	0.593252
OUT190 IP 190	28	-0.173446	-0.43176	-0.258734
OUT190 IP 190	29	-0.0499203	-0.508309	0.0948696
OUT190 IP 190	30	0.172195	-0.307927	-0.151797
OUT190 IP 190	31	-0.550794	0.0902355	0.54378
OUT190 IP 190	32	0.380643	0.1251	0.246053
OUT190 JetStat	190	1	1	0	0
OUT190 JET 190	0	-9.87472	2.16751	9.32054	
OUT190 CON	190	0	16	0	0	
OUT190 CON	190	0	3	0	0	
OUT190 CON	190	0	31	0	0	
OUT190 END	190	0	0	0	0
