OUT32 START	32	0	0	0	0
OUT32 LP	32	0	-5.04685	-2.96628	-1.60068
OUT32 IP 32	0	-0.989301	-0.200454	0.257332
OUT32 IP 32	1	2.16254	0.741889	1.89959
OUT32 IP 32	2	2.69918	1.67024	2.11989
OUT32 IP 32	3	0.3005	0.430094	-0.416312
OUT32 IP 32	4	-1.49141	-0.360698	-0.223794
OUT32 IP 32	5	-1.14132	-0.681756	-0.763005
OUT32 IP 32	6	-0.342407	-0.135694	-0.215906
OUT32 IP 32	7	-5.04685	-2.96628	-1.60068
OUT32 IP 32	8	1.00028	0.281443	0.395556
OUT32 IP 32	9	-0.692553	-0.0270406	0.0909307
OUT32 IP 32	10	-0.63843	0.000475331	-0.408056
OUT32 IP 32	11	-1.32619	-0.735255	-0.722858
OUT32 IP 32	12	-0.474017	-0.153538	-0.118858
OUT32 IP 32	13	0.516525	0.365237	-0.291179
OUT32 IP 32	14	0.00365145	0.247734	0.0293184
OUT32 IP 32	15	0.361748	0.345928	0.185575
OUT32 IP 32	16	0.0793138	0.34081	-0.162602
OUT32 IP 32	17	0.315075	-0.179522	-0.204735
OUT32 JetStat	32	2	2	0	0
OUT32 JET 32	0	-9.88085	-5.05934	-3.61245	
OUT32 CON	32	0	4	0	0	
OUT32 CON	32	0	6	0	0	
OUT32 CON	32	0	5	0	0	
OUT32 CON	32	0	12	0	0	
OUT32 CON	32	0	7	0	0	
OUT32 CON	32	0	11	0	0	
OUT32 JET 32	1	5.90592	2.7137	4.38197	
OUT32 CON	32	1	8	0	0	
OUT32 CON	32	1	1	0	0	
OUT32 CON	32	1	2	0	0	
OUT32 END	32	0	0	0	0
