OUT95 START	95	0	0	0	0
OUT95 LP	95	0	0.714715	3.64741	-0.221741
OUT95 IP 95	0	1.65345	-0.249456	-0.874021
OUT95 IP 95	1	0.539573	-0.00826806	0.111179
OUT95 IP 95	2	0.413059	0.142957	-0.297548
OUT95 IP 95	3	0.137063	0.470879	-0.240341
OUT95 IP 95	4	-0.742852	-1.17136	0.183624
OUT95 IP 95	5	-0.205834	-1.40238	-0.332241
OUT95 IP 95	6	-0.0906699	1.42936	-0.0675202
OUT95 IP 95	7	0.319562	-0.0284994	0.317953
OUT95 IP 95	8	1.31629	1.0654	1.14384
OUT95 IP 95	9	0.273106	0.696978	0.495121
OUT95 IP 95	10	0.343149	0.379586	0.225867
OUT95 IP 95	11	-0.742364	0.201327	-0.451399
OUT95 IP 95	12	0.747975	1.33427	-0.267617
OUT95 IP 95	13	-1.42779	0.310228	-0.264952
OUT95 IP 95	14	0.462484	0.105202	0.0618089
OUT95 IP 95	15	-0.477529	-0.0389024	-0.15914
OUT95 IP 95	16	-0.222239	-0.122919	0.0104424
OUT95 IP 95	17	-0.505293	-0.275179	0.328016
OUT95 IP 95	18	-1.58665	-0.202898	-1.04739
OUT95 IP 95	19	-0.903861	0.318159	-0.609229
OUT95 IP 95	20	-1.4268	0.147241	-0.793306
OUT95 IP 95	21	-0.810656	0.481522	-0.792799
OUT95 IP 95	22	-0.259532	0.440948	0.418393
OUT95 IP 95	23	-0.543046	0.619637	0.304902
OUT95 IP 95	24	-0.0280384	0.554756	0.538875
OUT95 IP 95	25	0.172411	0.526039	-0.0423745
OUT95 IP 95	26	-0.237839	0.928227	0.296629
OUT95 IP 95	27	0.714715	3.64741	-0.221741
OUT95 IP 95	28	0.535081	0.216388	0.267263
OUT95 IP 95	29	0.524341	1.21379	-0.00241379
OUT95 IP 95	30	0.80962	2.09506	-0.764754
OUT95 IP 95	31	0.659553	1.03405	0.110646
OUT95 IP 95	32	0.0626983	0.153702	-0.084251
OUT95 IP 95	33	-0.319182	0.150578	-0.103076
OUT95 IP 95	34	-0.323048	-0.205161	-0.201258
OUT95 IP 95	35	-0.433735	-0.685225	0.145198
OUT95 IP 95	36	-0.770622	-0.0214838	-0.659904
OUT95 IP 95	37	-1.19716	-0.171962	-0.675124
OUT95 IP 95	38	0.0649933	0.681603	0.242803
OUT95 IP 95	39	0.150642	0.302137	0.163067
OUT95 IP 95	40	0.206408	-0.319545	-0.10562
OUT95 IP 95	41	-0.014956	0.154958	0.0143624
OUT95 JetStat	95	3	3	0	0
OUT95 JET 95	0	3.86284	10.5672	-1.48978	
OUT95 CON	95	0	32	0	0	
OUT95 CON	95	0	3	0	0	
OUT95 CON	95	0	31	0	0	
OUT95 CON	95	0	30	0	0	
OUT95 CON	95	0	12	0	0	
OUT95 CON	95	0	29	0	0	
OUT95 CON	95	0	25	0	0	
OUT95 CON	95	0	27	0	0	
OUT95 JET 95	1	-7.21687	0.239049	-4.37459	
OUT95 CON	95	1	19	0	0	
OUT95 CON	95	1	11	0	0	
OUT95 CON	95	1	15	0	0	
OUT95 CON	95	1	20	0	0	
OUT95 CON	95	1	36	0	0	
OUT95 CON	95	1	18	0	0	
OUT95 CON	95	1	37	0	0	
OUT95 JET 95	2	-0.280615	3.21861	0.478647	
OUT95 CON	95	2	38	0	0	
OUT95 CON	95	2	26	0	0	
OUT95 CON	95	2	6	0	0	
OUT95 CON	95	2	41	0	0	
OUT95 END	95	0	0	0	0
