OUT69 START	69	0	0	0	0
OUT69 LP	69	0	5.81082	-4.43041	-3.44596
OUT69 IP 69	0	0.690507	-0.132731	-0.395576
OUT69 IP 69	1	0.624575	-0.102292	-0.600734
OUT69 IP 69	2	0.252019	-0.460775	-0.498889
OUT69 IP 69	3	0.616574	0.421077	-0.31251
OUT69 IP 69	4	1.3072	-1.53791	-0.715363
OUT69 IP 69	5	0.951551	-1.82636	-0.68082
OUT69 IP 69	6	-1.98743	-0.787774	-0.0812801
OUT69 IP 69	7	-1.36838	-0.151965	-0.324166
OUT69 IP 69	8	-1.86203	0.111867	0.268995
OUT69 IP 69	9	-4.85598	-0.801511	-1.7795
OUT69 IP 69	10	0.391767	-0.199789	-0.132744
OUT69 IP 69	11	0.298987	-0.817475	-0.695015
OUT69 IP 69	12	-0.299859	0.21676	-0.0276507
OUT69 IP 69	13	0.489102	-0.123021	0.0513156
OUT69 IP 69	14	0.743818	0.111423	-0.720544
OUT69 IP 69	15	0.709887	-0.809267	-0.0388005
OUT69 IP 69	16	-0.135974	-0.264897	-0.212414
OUT69 IP 69	17	0.377624	0.238885	-0.33641
OUT69 IP 69	18	5.81082	-4.43041	-3.44596
OUT69 IP 69	19	0.283739	-0.136346	-0.222799
OUT69 IP 69	20	0.198591	0.220023	0.0667742
OUT69 IP 69	21	0.667991	0.190879	0.187511
OUT69 IP 69	22	-0.169222	-0.204047	0.13887
OUT69 IP 69	23	-0.125164	0.241004	0.12691
OUT69 IP 69	24	1.11887	0.105617	0.409769
OUT69 IP 69	25	0.433792	0.295231	0.148727
OUT69 IP 69	26	-0.588254	-0.0594654	-0.565745
OUT69 IP 69	27	0.0322238	-0.17592	-0.139383
OUT69 JetStat	69	3	3	0	0
OUT69 JET 69	0	7.83645	-6.34022	-4.50706	
OUT69 CON	69	0	19	0	0	
OUT69 CON	69	0	4	0	0	
OUT69 CON	69	0	10	0	0	
OUT69 CON	69	0	18	0	0	
OUT69 JET 69	1	-8.25256	-1.75133	-2.16855	
OUT69 CON	69	1	6	0	0	
OUT69 CON	69	1	7	0	0	
OUT69 CON	69	1	9	0	0	
OUT69 JET 69	2	1.67269	-2.65252	-0.713808	
OUT69 CON	69	2	5	0	0	
OUT69 CON	69	2	15	0	0	
OUT69 END	69	0	0	0	0
