OUT194 START	194	0	0	0	0
OUT194 LP	194	0	-4.39319	-2.91608	3.68686
OUT194 IP 194	0	0.147367	0.893854	-0.389808
OUT194 IP 194	1	-0.0158819	-0.149292	0.0965833
OUT194 IP 194	2	-0.0588916	-0.582827	0.360238
OUT194 IP 194	3	-4.39319	-2.91608	3.68686
OUT194 IP 194	4	-1.04841	-0.4283	0.525098
OUT194 IP 194	5	-1.19686	-1.25926	1.06803
OUT194 IP 194	6	0.391937	0.394988	-0.151071
OUT194 IP 194	7	0.041399	-0.769871	-0.707291
OUT194 IP 194	8	-0.436851	-0.0918465	0.189811
OUT194 IP 194	9	-0.34248	0.0223551	0.295036
OUT194 IP 194	10	0.311682	0.397321	-0.0828818
OUT194 IP 194	11	-1.43505	-1.20995	1.66589
OUT194 IP 194	12	-0.38655	-0.0959357	-0.0402074
OUT194 IP 194	13	-0.0528386	-0.470707	-0.349606
OUT194 JetStat	194	1	1	0	0
OUT194 JET 194	0	-8.13139	-5.85463	6.91313	
OUT194 CON	194	0	4	0	0	
OUT194 CON	194	0	5	0	0	
OUT194 CON	194	0	3	0	0	
OUT194 CON	194	0	11	0	0	
OUT194 END	194	0	0	0	0
