OUT101 START	101	0	0	0	0
OUT101 LP	101	0	-1.20962	2.17362	-0.924938
OUT101 IP 101	0	1.71665	-2.12435	-2.59356
OUT101 IP 101	1	-0.857778	-0.373938	0.334146
OUT101 IP 101	2	-1.00591	0.592279	0.967648
OUT101 IP 101	3	0.851368	-0.630352	0.989867
OUT101 IP 101	4	-1.72631	1.66999	-0.469369
OUT101 IP 101	5	-0.0991691	0.177063	0.0425063
OUT101 IP 101	6	1.35067	-0.112414	-0.0480085
OUT101 IP 101	7	0.295501	-0.478235	-0.0074742
OUT101 IP 101	8	0.458704	-0.560941	0.0736371
OUT101 IP 101	9	0.364077	0.49227	0.24419
OUT101 IP 101	10	0.314556	-0.426935	0.289113
OUT101 IP 101	11	0.246919	0.707376	0.0479649
OUT101 IP 101	12	-0.982237	0.96455	0.237611
OUT101 IP 101	13	-0.982139	2.20796	-0.91081
OUT101 IP 101	14	-1.50971	2.35311	-1.23187
OUT101 IP 101	15	-1.20962	2.17362	-0.924938
OUT101 IP 101	16	-0.687352	1.43893	-0.30484
OUT101 IP 101	17	0.309508	0.753067	0.14974
OUT101 IP 101	18	-0.237894	0.0864505	0.126959
OUT101 IP 101	19	-0.787995	0.8829	0.204177
OUT101 IP 101	20	-0.582207	1.02241	-0.0570914
OUT101 IP 101	21	-0.227454	-0.0842647	-0.11722
OUT101 IP 101	22	-0.0944499	0.231661	-0.11904
OUT101 IP 101	23	0.0780374	-0.558512	-0.0877737
OUT101 IP 101	24	-0.129209	-0.100729	-0.00501035
OUT101 JetStat	101	1	1	0	0
OUT101 JET 101	0	-6.85461	11.1907	-3.99107	
OUT101 CON	101	0	4	0	0	
OUT101 CON	101	0	20	0	0	
OUT101 CON	101	0	16	0	0	
OUT101 CON	101	0	22	0	0	
OUT101 CON	101	0	13	0	0	
OUT101 CON	101	0	14	0	0	
OUT101 CON	101	0	15	0	0	
OUT101 END	101	0	0	0	0
