OUT85 START	85	0	0	0	0
OUT85 LP	85	0	5.16411	0.585894	2.66764
OUT85 IP 85	0	-2.73221	1.74609	3.0491
OUT85 IP 85	1	-1.35793	-0.166699	0.0720431
OUT85 IP 85	2	0.116841	-0.136297	0.148235
OUT85 IP 85	3	1.70077	-1.65844	1.05793
OUT85 IP 85	4	0.862249	-0.539246	0.894701
OUT85 IP 85	5	0.717785	-0.284494	0.513317
OUT85 IP 85	6	5.16411	0.585894	2.66764
OUT85 IP 85	7	0.276536	-0.375978	0.39809
OUT85 IP 85	8	0.282514	-0.745343	0.601708
OUT85 IP 85	9	3.09631	-1.35709	-3.43172
OUT85 IP 85	10	-2.63697	0.145745	1.32565
OUT85 IP 85	11	-3.83692	-0.787916	2.7617
OUT85 IP 85	12	1.10233	0.079063	0.227361
OUT85 IP 85	13	0.938436	-0.661316	0.18652
OUT85 IP 85	14	0.495726	0.201379	-0.163684
OUT85 IP 85	15	-0.0650894	0.630002	0.56673
OUT85 IP 85	16	-2.07023	0.404105	1.29588
OUT85 IP 85	17	-1.43775	0.379504	1.05126
OUT85 IP 85	18	-0.808502	-0.131786	-0.0429421
OUT85 IP 85	19	-0.180092	0.00174181	0.160448
OUT85 IP 85	20	-0.0251056	0.218662	0.157322
OUT85 IP 85	21	-0.244712	-0.627528	-0.115285
OUT85 IP 85	22	-0.122813	-0.529127	0.103857
OUT85 IP 85	23	0.166503	-0.221565	-0.0607987
OUT85 JetStat	85	5	5	0	0
OUT85 JET 85	0	-10.3334	0.144596	6.57552	
OUT85 CON	85	0	11	0	0	
OUT85 CON	85	0	19	0	0	
OUT85 CON	85	0	10	0	0	
OUT85 CON	85	0	16	0	0	
OUT85 CON	85	0	17	0	0	
OUT85 JET 85	1	6.26722	0.665032	2.88019	
OUT85 CON	85	1	6	0	0	
OUT85 CON	85	1	12	0	0	
OUT85 JET 85	2	2.64666	-2.32607	1.23547	
OUT85 CON	85	2	3	0	0	
OUT85 CON	85	2	13	0	0	
OUT85 JET 85	3	3.09631	-1.35709	-3.43172	
OUT85 CON	85	3	9	0	0	
OUT85 JET 85	4	-2.73221	1.74609	3.0491	
OUT85 CON	85	4	0	0	0	
OUT85 END	85	0	0	0	0
