OUT273 START	273	0	0	0	0
OUT273 LP	273	0	-4.21481	-6.35044	-4.96531
OUT273 IP 273	0	-0.401926	-0.00384631	0.26098
OUT273 IP 273	1	2.54018	2.30425	-0.509778
OUT273 IP 273	2	1.1228	3.09923	-0.947461
OUT273 IP 273	3	1.2627	-0.0372222	-0.175505
OUT273 IP 273	4	-0.441162	0.325808	-0.204509
OUT273 IP 273	5	-2.54231	1.26604	1.06477
OUT273 IP 273	6	-5.37075	2.93581	1.41361
OUT273 IP 273	7	-1.08338	0.878413	1.02749
OUT273 IP 273	8	0.08176	0.199963	0.122871
OUT273 IP 273	9	0.215197	-1.85042	1.74151
OUT273 IP 273	10	-0.413929	0.491432	0.514804
OUT273 IP 273	11	0.313092	-0.63893	-0.113086
OUT273 IP 273	12	-1.01354	-1.05705	-0.444544
OUT273 IP 273	13	-1.42943	-1.29466	-1.88708
OUT273 IP 273	14	-2.05338	-2.01286	-2.19429
OUT273 IP 273	15	-2.82649	-3.30255	-2.87891
OUT273 IP 273	16	-0.000968534	-0.861618	0.0891689
OUT273 IP 273	17	-0.402805	-0.635079	-0.279804
OUT273 IP 273	18	0.331767	-0.253947	-0.177502
OUT273 IP 273	19	0.498487	0.479407	0.116753
OUT273 IP 273	20	1.21387	-0.0599339	0.694958
OUT273 IP 273	21	2.22796	1.08731	-2.51509
OUT273 IP 273	22	-0.435622	0.744821	0.0449323
OUT273 IP 273	23	-0.889389	0.616471	0.227756
OUT273 IP 273	24	-0.26575	0.327295	0.126806
OUT273 IP 273	25	0.0443703	-0.204838	0.196241
OUT273 IP 273	26	-0.30044	0.0735869	-0.306209
OUT273 IP 273	27	-1.81303	-0.38826	-0.878801
OUT273 IP 273	28	-0.935645	-0.48524	-0.521323
OUT273 IP 273	29	-4.21481	-6.35044	-4.96531
OUT273 IP 273	30	-0.042314	-0.18202	0.0418827
OUT273 IP 273	31	-0.311189	-0.361433	-0.0384535
OUT273 IP 273	32	-0.00837263	-0.178248	-0.0457014
OUT273 IP 273	33	0.0457278	-0.180585	-0.182709
OUT273 IP 273	34	-0.074686	-0.209739	0.0587799
OUT273 JetStat	273	4	4	0	0
OUT273 JET 273	0	-11.9962	-14.7202	-12.5439	
OUT273 CON	273	0	12	0	0	
OUT273 CON	273	0	13	0	0	
OUT273 CON	273	0	17	0	0	
OUT273 CON	273	0	14	0	0	
OUT273 CON	273	0	15	0	0	
OUT273 CON	273	0	29	0	0	
OUT273 JET 273	1	-9.09965	5.16768	2.82699	
OUT273 CON	273	1	24	0	0	
OUT273 CON	273	1	5	0	0	
OUT273 CON	273	1	6	0	0	
OUT273 CON	273	1	23	0	0	
OUT273 JET 273	2	3.03885	2.78382	-0.392303	
OUT273 CON	273	2	1	0	0	
OUT273 CON	273	2	19	0	0	
OUT273 JET 273	3	1.1228	3.09923	-0.947461	
OUT273 CON	273	3	2	0	0	
OUT273 END	273	0	0	0	0
