OUT231 START	231	0	0	0	0
OUT231 LP	231	0	0.27712	4.96322	-1.37789
OUT231 IP 231	0	0.139629	-0.1131	0.084698
OUT231 IP 231	1	0.227889	-0.21519	0.0225938
OUT231 IP 231	2	0.521902	-0.578228	0.55128
OUT231 IP 231	3	-0.580468	0.0583303	0.404139
OUT231 IP 231	4	-1.53479	-0.0233422	0.869865
OUT231 IP 231	5	0.75962	1.40354	-0.382488
OUT231 IP 231	6	-0.216445	-0.340152	0.230666
OUT231 IP 231	7	-1.06953	-2.53975	-2.50616
OUT231 IP 231	8	0.300581	-0.244717	0.0491619
OUT231 IP 231	9	0.638282	0.230664	0.295085
OUT231 IP 231	10	0.668224	-0.362452	0.538845
OUT231 IP 231	11	0.489718	0.657204	-0.0718592
OUT231 IP 231	12	0.348618	1.30876	-0.606532
OUT231 IP 231	13	0.486234	0.187991	-0.0363994
OUT231 IP 231	14	0.27712	4.96322	-1.37789
OUT231 IP 231	15	0.137499	0.226893	-0.263987
OUT231 IP 231	16	0.353394	1.37982	-0.970261
OUT231 IP 231	17	0.378422	0.964608	-0.283637
OUT231 IP 231	18	-0.128312	0.716934	-0.24388
OUT231 IP 231	19	0.0890624	0.334762	0.122698
OUT231 IP 231	20	-0.48965	0.225456	-0.467622
OUT231 JetStat	231	1	1	0	0
OUT231 JET 231	0	2.02567	10.9239	-3.82688	
OUT231 CON	231	0	5	0	0	
OUT231 CON	231	0	16	0	0	
OUT231 CON	231	0	17	0	0	
OUT231 CON	231	0	12	0	0	
OUT231 CON	231	0	14	0	0	
OUT231 CON	231	0	18	0	0	
OUT231 END	231	0	0	0	0
