OUT28 START	28	0	0	0	0
OUT28 LP	28	0	7.82807	-0.544976	-7.18944
OUT28 IP 28	0	0.458819	0.427536	-0.272668
OUT28 IP 28	1	7.82807	-0.544976	-7.18944
OUT28 IP 28	2	0.626995	-0.169899	0.23893
OUT28 IP 28	3	-0.217491	0.132382	0.162171
OUT28 IP 28	4	-0.0243299	0.445183	-0.174844
OUT28 IP 28	5	4.04894	-0.999127	-4.02596
OUT28 IP 28	6	1.34038	-0.533016	-0.533802
OUT28 IP 28	7	0.427749	-0.157657	-0.142311
OUT28 IP 28	8	-1.24662	0.280197	1.23229
OUT28 IP 28	9	-0.548233	0.461749	0.226468
OUT28 IP 28	10	0.360245	-0.107989	-0.377863
OUT28 IP 28	11	-0.0846308	-0.200087	-0.124666
OUT28 IP 28	12	0.299532	-0.266214	0.232434
OUT28 IP 28	13	-0.215228	-0.708305	0.648421
OUT28 IP 28	14	0.160498	-0.206049	0.0452161
OUT28 IP 28	15	0.0711238	0.252678	0.0832779
OUT28 IP 28	16	0.159133	-0.119659	-0.0710479
OUT28 IP 28	17	0.889935	-0.408452	0.10237
OUT28 IP 28	18	-0.00604989	-0.18464	0.119115
OUT28 IP 28	19	0.190541	-0.113066	-0.0672731
OUT28 IP 28	20	-0.779744	0.180556	0.114973
OUT28 IP 28	21	-0.195683	0.139741	0.153652
OUT28 IP 28	22	0.995188	0.518864	0.470752
OUT28 IP 28	23	0.0372765	0.257115	0.26175
OUT28 IP 28	24	-0.248228	0.241247	-0.00475938
OUT28 IP 28	25	-0.165109	-0.364404	0.13955
OUT28 IP 28	26	-0.518628	0.233401	0.0453288
OUT28 IP 28	27	-0.423234	-0.0699224	-0.296867
OUT28 IP 28	28	0.16879	0.106034	0.072776
OUT28 IP 28	29	0.20202	0.37271	-0.145632
OUT28 IP 28	30	0.27587	0.791739	-0.377011
OUT28 IP 28	31	0.167934	0.00682666	0.0965115
OUT28 IP 28	32	-0.163869	-0.465679	-0.133545
OUT28 JetStat	28	1	1	0	0
OUT28 JET 28	0	12.282	-1.65889	-11.5912	
OUT28 CON	28	0	1	0	0	
OUT28 CON	28	0	5	0	0	
OUT28 CON	28	0	10	0	0	
OUT28 END	28	0	0	0	0
