OUT117 START	117	0	0	0	0
OUT117 LP	117	0	-2.43203	13.5888	12.7599
OUT117 IP 117	0	-0.3468	-0.280384	-0.169555
OUT117 IP 117	1	0.257297	0.852743	-0.302735
OUT117 IP 117	2	-0.880249	0.412356	0.248359
OUT117 IP 117	3	1.85571	-1.29035	-2.00579
OUT117 IP 117	4	0.429459	0.535739	-0.494674
OUT117 IP 117	5	-2.43203	13.5888	12.7599
OUT117 IP 117	6	-0.417031	0.0384623	0.2014
OUT117 IP 117	7	0.214614	0.674376	0.644954
OUT117 IP 117	8	-0.615862	0.320952	-0.201218
OUT117 IP 117	9	1.1615	0.50329	-0.90753
OUT117 IP 117	10	-0.0838085	-0.268543	-0.234138
OUT117 IP 117	11	0.530568	0.583492	-0.336747
OUT117 IP 117	12	-0.792875	4.9274	4.26726
OUT117 IP 117	13	0.212261	-0.114131	-0.117359
OUT117 IP 117	14	-0.482768	0.159364	0.253337
OUT117 IP 117	15	0.0185793	-0.518311	-0.302711
OUT117 IP 117	16	-0.0483826	0.671386	0.269169
OUT117 JetStat	117	1	1	0	0
OUT117 JET 117	0	-3.225	18.5167	17.0227	
OUT117 CON	117	0	5	0	0	
OUT117 CON	117	0	12	0	0	
OUT117 END	117	0	0	0	0
