OUT91 START	91	0	0	0	0
OUT91 LP	91	0	-4.36335	0.921776	-2.5724
OUT91 IP 91	0	0.835904	2.53515	1.51505
OUT91 IP 91	1	3.04753	-2.96563	1.58586
OUT91 IP 91	2	0.572311	-0.277218	0.563293
OUT91 IP 91	3	0.406189	0.0484263	-0.0424014
OUT91 IP 91	4	-0.712023	0.535804	0.832009
OUT91 IP 91	5	1.52666	-1.03486	-0.169907
OUT91 IP 91	6	0.669062	-0.868758	-0.158119
OUT91 IP 91	7	0.287896	0.341879	0.0719381
OUT91 IP 91	8	-0.146524	0.560203	-0.0375203
OUT91 IP 91	9	0.442738	0.575041	0.0615214
OUT91 IP 91	10	0.103187	-1.99638	-1.14658
OUT91 IP 91	11	-4.36335	0.921776	-2.5724
OUT91 IP 91	12	-0.455184	0.473022	-0.309447
OUT91 IP 91	13	1.12362	3.44312	0.506234
OUT91 IP 91	14	0.5837	1.08155	0.19898
OUT91 IP 91	15	-0.286983	-0.0305555	-0.0487124
OUT91 IP 91	16	1.78777	-1.1478	0.566791
OUT91 IP 91	17	3.00397	-1.82724	1.44724
OUT91 IP 91	18	-0.165773	-0.399606	-0.089079
OUT91 IP 91	19	0.28392	-0.405379	0.233871
OUT91 IP 91	20	0.207344	0.36351	0.188722
OUT91 IP 91	21	-0.163188	-0.370337	0.131871
OUT91 IP 91	22	-0.49325	-0.103209	0.196477
OUT91 IP 91	23	0.344002	0.360856	0.0119144
OUT91 JetStat	91	3	3	0	0
OUT91 JET 91	0	8.18482	-6.39653	3.82841	
OUT91 CON	91	0	19	0	0	
OUT91 CON	91	0	1	0	0	
OUT91 CON	91	0	16	0	0	
OUT91 CON	91	0	17	0	0	
OUT91 JET 91	1	3.03062	6.24392	1.03435	
OUT91 CON	91	1	23	0	0	
OUT91 CON	91	1	20	0	0	
OUT91 CON	91	1	7	0	0	
OUT91 CON	91	1	9	0	0	
OUT91 CON	91	1	13	0	0	
OUT91 CON	91	1	14	0	0	
OUT91 JET 91	2	-4.36335	0.921776	-2.5724	
OUT91 CON	91	2	11	0	0	
OUT91 END	91	0	0	0	0
