OUT195 START	195	0	0	0	0
OUT195 LP	195	0	2.07694	-2.66341	-2.63378
OUT195 IP 195	0	-0.122271	0.606464	0.590566
OUT195 IP 195	1	0.22277	-0.268263	0.143806
OUT195 IP 195	2	2.55645	0.0336789	-0.733159
OUT195 IP 195	3	-0.289937	0.150629	0.255724
OUT195 IP 195	4	0.512677	0.291872	0.0454596
OUT195 IP 195	5	-0.0382006	-0.415718	0.243634
OUT195 IP 195	6	0.165393	-0.0467796	0.0352108
OUT195 IP 195	7	0.832997	0.790858	-0.434564
OUT195 IP 195	8	-0.00214868	-2.13135	0.536106
OUT195 IP 195	9	0.158633	-1.3732	0.869106
OUT195 IP 195	10	0.276728	-1.65502	0.0153077
OUT195 IP 195	11	0.03274	-0.694169	0.547499
OUT195 IP 195	12	2.11675	-1.31005	-0.196788
OUT195 IP 195	13	1.09184	-3.35148	0.504395
OUT195 IP 195	14	0.215776	-0.212203	-0.172759
OUT195 IP 195	15	0.289778	-0.155349	-0.0317407
OUT195 IP 195	16	2.07694	-2.66341	-2.63378
OUT195 IP 195	17	0.164398	0.402649	-0.291889
OUT195 IP 195	18	0.0469471	-0.216544	-0.00382016
OUT195 IP 195	19	0.343187	0.383416	0.231665
OUT195 IP 195	20	0.413573	0.127015	-0.210206
OUT195 IP 195	21	0.200992	0.459891	0.0960014
OUT195 IP 195	22	-0.841185	-0.0820254	0.654717
OUT195 IP 195	23	0.531752	-1.79538	0.69364
OUT195 IP 195	24	0.234415	-0.627492	0.188662
OUT195 IP 195	25	0.677856	-0.864509	0.940592
OUT195 IP 195	26	0.769244	0.48936	-0.405384
OUT195 IP 195	27	-0.361272	0.633942	0.653413
OUT195 IP 195	28	0.237353	0.344056	0.124668
OUT195 IP 195	29	0.163391	-0.0816934	0.0718023
OUT195 IP 195	30	-0.112708	0.10764	-0.0527297
OUT195 IP 195	31	0.332779	-0.114652	-0.250226
OUT195 IP 195	32	-0.000534116	0.260392	-0.0428383
OUT195 IP 195	33	-0.338667	-0.333139	-0.276681
OUT195 JetStat	195	2	2	0	0
OUT195 JET 195	0	2.19426	-9.85681	1.92112	
OUT195 CON	195	0	8	0	0	
OUT195 CON	195	0	10	0	0	
OUT195 CON	195	0	18	0	0	
OUT195 CON	195	0	23	0	0	
OUT195 CON	195	0	13	0	0	
OUT195 CON	195	0	24	0	0	
OUT195 JET 195	1	2.29427	-2.87743	-2.80361	
OUT195 CON	195	1	14	0	0	
OUT195 CON	195	1	16	0	0	
OUT195 END	195	0	0	0	0
