OUT13 START	13	0	0	0	0
OUT13 LP	13	0	-3.98287	-2.9194	0.199122
OUT13 IP 13	0	-0.29911	0.232438	-0.150531
OUT13 IP 13	1	-0.996924	0.462904	-1.03061
OUT13 IP 13	2	0.218432	-0.884327	-0.810603
OUT13 IP 13	3	-1.03681	-1.50108	-0.194319
OUT13 IP 13	4	0.125889	0.161552	0.148694
OUT13 IP 13	5	-0.00853191	-0.754798	0.524712
OUT13 IP 13	6	0.335126	0.213086	0.165179
OUT13 IP 13	7	0.567893	0.205864	0.00622836
OUT13 IP 13	8	1.7178	0.406669	-0.575769
OUT13 IP 13	9	0.043703	-0.319198	-0.246106
OUT13 IP 13	10	-0.116739	-1.51868	0.576604
OUT13 IP 13	11	-3.69989	-2.04086	-0.0845238
OUT13 IP 13	12	-1.2845	-0.71431	0.345192
OUT13 IP 13	13	-1.9182	-0.302695	0.433648
OUT13 IP 13	14	-1.47009	0.332563	0.378137
OUT13 IP 13	15	0.650175	0.207479	0.525992
OUT13 IP 13	16	1.67349	1.46647	-2.13989
OUT13 IP 13	17	1.172	0.426733	-1.20156
OUT13 IP 13	18	0.431425	0.391833	-0.287441
OUT13 IP 13	19	0.260566	0.247568	0.158701
OUT13 IP 13	20	0.448317	-0.116209	0.300649
OUT13 IP 13	21	-0.454675	0.0684184	-0.377306
OUT13 IP 13	22	-0.352689	0.0865649	-0.290609
OUT13 IP 13	23	0.55371	-0.231175	-0.582336
OUT13 IP 13	24	-3.98287	-2.9194	0.199122
OUT13 IP 13	25	-1.28797	-0.820125	0.289756
OUT13 IP 13	26	-0.680251	0.224364	0.464135
OUT13 IP 13	27	-0.341785	0.0813172	0.0501565
OUT13 JetStat	13	3	3	0	0
OUT13 JET 13	0	-10.2734	-6.50626	0.745154	
OUT13 CON	13	0	12	0	0	
OUT13 CON	13	0	25	0	0	
OUT13 CON	13	0	11	0	0	
OUT13 CON	13	0	24	0	0	
OUT13 JET 13	1	-3.79881	0.113432	0.861603	
OUT13 CON	13	1	13	0	0	
OUT13 CON	13	1	14	0	0	
OUT13 CON	13	1	27	0	0	
OUT13 JET 13	2	2.89203	1.92185	-3.34145	
OUT13 CON	13	2	16	0	0	
OUT13 CON	13	2	17	0	0	
OUT13 END	13	0	0	0	0
