OUT253 START	253	0	0	0	0
OUT253 LP	253	0	2.07944	-5.98411	2.29217
OUT253 IP 253	0	-0.515905	0.0542576	-0.132244
OUT253 IP 253	1	-0.814374	0.860008	0.297339
OUT253 IP 253	2	-0.387624	0.0142	0.330052
OUT253 IP 253	3	0.602023	-2.40093	1.02994
OUT253 IP 253	4	1.00883	-3.29487	2.15985
OUT253 IP 253	5	-0.983064	0.750117	0.241584
OUT253 IP 253	6	0.488464	0.610984	0.715637
OUT253 IP 253	7	-0.200076	0.0771036	-0.0699838
OUT253 IP 253	8	-0.248791	-0.0694691	0.237099
OUT253 IP 253	9	0.543489	-0.0645796	0.30729
OUT253 IP 253	10	-0.187517	-0.591142	0.523443
OUT253 IP 253	11	2.07944	-5.98411	2.29217
OUT253 IP 253	12	-0.517665	0.389929	-0.611628
OUT253 IP 253	13	-0.208095	-0.067848	-0.156404
OUT253 IP 253	14	-0.177521	-0.119584	0.0738791
OUT253 IP 253	15	1.42535	2.14207	0.23119
OUT253 IP 253	16	-0.0950624	-0.284553	-0.00948375
OUT253 IP 253	17	-0.124121	-0.189842	0.0820922
OUT253 IP 253	18	-0.336044	0.424716	-0.0346809
OUT253 IP 253	19	0.197149	1.48819	0.0419978
OUT253 IP 253	20	0.0737468	0.222194	-0.0351618
OUT253 IP 253	21	-2.58822	2.30716	-0.826213
OUT253 IP 253	22	-0.19829	0.539716	-0.258943
OUT253 IP 253	23	-0.132779	-0.114803	-0.0605639
OUT253 IP 253	24	-0.0758164	0.589948	-0.446494
OUT253 IP 253	25	0.308542	0.917995	0.78423
OUT253 IP 253	26	-0.478217	1.6146	0.746915
OUT253 JetStat	253	2	2	0	0
OUT253 JET 253	0	3.6924	-11.6868	5.45141	
OUT253 CON	253	0	4	0	0	
OUT253 CON	253	0	3	0	0	
OUT253 CON	253	0	11	0	0	
OUT253 JET 253	1	-3.14144	2.82263	-0.929385	
OUT253 CON	253	1	7	0	0	
OUT253 CON	253	1	18	0	0	
OUT253 CON	253	1	21	0	0	
OUT253 END	253	0	0	0	0
