OUT67 START	67	0	0	0	0
OUT67 LP	67	0	-5.71032	2.54314	2.76579
OUT67 IP 67	0	-1.43473	-1.34929	1.79156
OUT67 IP 67	1	-3.60958	1.94466	1.61538
OUT67 IP 67	2	-5.71032	2.54314	2.76579
OUT67 IP 67	3	1.266	-0.543042	0.304539
OUT67 IP 67	4	0.414128	-0.39222	0.360756
OUT67 IP 67	5	0.295332	0.31064	-0.326599
OUT67 IP 67	6	-0.107011	0.162765	-0.167633
OUT67 IP 67	7	-0.651152	0.269907	0.261384
OUT67 IP 67	8	-0.169582	0.167397	0.167845
OUT67 IP 67	9	-0.966852	-0.0890545	-0.38572
OUT67 IP 67	10	-0.212622	-0.109381	-0.0599945
OUT67 IP 67	11	0.271574	-0.184289	-0.152055
OUT67 IP 67	12	0.193039	0.776058	-0.0675518
OUT67 IP 67	13	-0.0888681	-0.194951	0.044323
OUT67 IP 67	14	0.0404909	-0.188381	0.182032
OUT67 IP 67	15	-0.559214	0.288005	-0.215701
OUT67 IP 67	16	-0.15515	-0.0868432	-0.17115
OUT67 IP 67	17	0.610312	-0.744612	-0.191923
OUT67 IP 67	18	-0.575296	-0.6214	-0.319388
OUT67 IP 67	19	0.0638642	-0.597799	-0.535757
OUT67 IP 67	20	0.260372	0.309141	0.108159
OUT67 IP 67	21	0.174976	-0.237518	-0.0627056
OUT67 IP 67	22	0.111685	-0.347448	-0.213137
OUT67 IP 67	23	-0.369277	-0.13615	-0.240459
OUT67 IP 67	24	-0.261079	-0.0180573	-0.0413154
OUT67 IP 67	25	0.0577032	-0.362129	-0.228752
OUT67 IP 67	26	1.01076	0.0570894	0.161009
OUT67 IP 67	27	1.12278	-0.0854493	0.450506
OUT67 IP 67	28	-0.368991	0.654808	0.428888
OUT67 IP 67	29	0.130089	-0.40972	0.19348
OUT67 IP 67	30	-0.259378	0.28712	0.281831
OUT67 JetStat	67	2	2	0	0
OUT67 JET 67	0	-9.97827	4.7612	4.6412	
OUT67 CON	67	0	1	0	0	
OUT67 CON	67	0	2	0	0	
OUT67 CON	67	0	7	0	0	
OUT67 JET 67	1	3.46713	-0.583886	0.911645	
OUT67 CON	67	1	3	0	0	
OUT67 CON	67	1	26	0	0	
OUT67 CON	67	1	27	0	0	
OUT67 END	67	0	0	0	0
