OUT143 START	143	0	0	0	0
OUT143 LP	143	0	3.63758	-5.81787	5.45418
OUT143 IP 143	0	2.06428	-1.76602	1.39055
OUT143 IP 143	1	3.63758	-5.81787	5.45418
OUT143 IP 143	2	0.854452	-0.908778	0.651822
OUT143 IP 143	3	0.220416	-1.30617	1.30094
OUT143 IP 143	4	1.75633	-1.32198	2.07231
OUT143 IP 143	5	-0.0913602	0.515695	-0.375147
OUT143 IP 143	6	-1.58366	-4.54028	4.57827
OUT143 IP 143	7	-0.00461602	-0.456889	0.435266
OUT143 IP 143	8	0.31068	-0.657068	0.721299
OUT143 IP 143	9	-0.721863	-0.640928	0.284366
OUT143 IP 143	10	-0.130846	0.116942	0.139262
OUT143 IP 143	11	-0.444686	-0.470347	-0.0986885
OUT143 IP 143	12	0.43112	-0.418351	-0.0148011
OUT143 IP 143	13	0.463888	0.636568	-0.631516
OUT143 IP 143	14	0.911914	-0.139846	0.63496
OUT143 IP 143	15	0.366581	-0.195942	-0.387973
OUT143 IP 143	16	-1.23809	-1.64987	2.03333
OUT143 IP 143	17	-0.154628	-0.498033	0.367379
OUT143 IP 143	18	-0.0625523	0.499461	-0.0367368
OUT143 IP 143	19	-0.241986	0.461448	0.534444
OUT143 IP 143	20	0.883605	-0.617374	-0.271031
OUT143 IP 143	21	0.501914	-0.516108	0.125496
OUT143 IP 143	22	0.185883	0.100865	-0.0635919
OUT143 IP 143	23	-0.102318	-0.642592	-0.262647
OUT143 IP 143	24	-0.163691	-0.0828347	-0.0875794
OUT143 IP 143	25	0.28048	0.381481	0.421645
OUT143 IP 143	26	0.453979	0.112856	-0.0325137
OUT143 IP 143	27	0.989117	0.353796	0.176512
OUT143 IP 143	28	0.467311	0.145865	-0.213878
OUT143 IP 143	29	0.779717	0.0762597	-0.42156
OUT143 IP 143	30	0.284326	0.0996956	-0.114109
OUT143 IP 143	31	-0.290342	-0.151095	0.209265
OUT143 IP 143	32	-0.164367	0.196215	0.0295097
OUT143 JetStat	143	2	2	0	0
OUT143 JET 143	0	8.74333	-10.6128	10.2054	
OUT143 CON	143	0	4	0	0	
OUT143 CON	143	0	1	0	0	
OUT143 CON	143	0	8	0	0	
OUT143 CON	143	0	0	0	0	
OUT143 CON	143	0	2	0	0	
OUT143 JET 143	1	-3.00876	-6.75281	6.97033	
OUT143 CON	143	1	16	0	0	
OUT143 CON	143	1	6	0	0	
OUT143 CON	143	1	17	0	0	
OUT143 END	143	0	0	0	0
