OUT175 START	175	0	0	0	0
OUT175 LP	175	0	3.57169	-3.25707	1.81878
OUT175 IP 175	0	2.12465	0.0565297	0.975032
OUT175 IP 175	1	2.86525	-2.27551	1.06319
OUT175 IP 175	2	3.57169	-3.25707	1.81878
OUT175 IP 175	3	0.23553	0.148343	0.0330295
OUT175 IP 175	4	-0.997221	0.82209	-0.036962
OUT175 IP 175	5	-1.24419	-0.415723	-0.742079
OUT175 IP 175	6	-0.0912343	0.451124	-0.227078
OUT175 IP 175	7	-0.0638133	0.484213	-0.101818
OUT175 IP 175	8	0.528871	-0.0981649	-0.141564
OUT175 IP 175	9	-0.50118	-0.489093	0.0305465
OUT175 IP 175	10	-0.0729712	-0.301017	-0.207329
OUT175 IP 175	11	-0.51416	-0.486125	0.256769
OUT175 IP 175	12	1.76356	-0.434308	0.710204
OUT175 IP 175	13	2.53241	-1.19686	0.365776
OUT175 IP 175	14	0.459761	0.0812386	0.0136298
OUT175 IP 175	15	0.0995842	0.146925	0.114428
OUT175 IP 175	16	-0.226085	-0.299818	0.319761
OUT175 IP 175	17	0.545071	0.0920299	-0.0308977
OUT175 IP 175	18	-0.420475	-0.0714106	-0.189936
OUT175 IP 175	19	-0.139944	-0.749862	-0.23174
OUT175 IP 175	20	-0.0285982	-0.231606	0.017885
OUT175 IP 175	21	0.431896	-0.337605	0.139407
OUT175 JetStat	175	2	2	0	0
OUT175 JET 175	0	9.46763	-7.11293	3.3739	
OUT175 CON	175	0	13	0	0	
OUT175 CON	175	0	2	0	0	
OUT175 CON	175	0	1	0	0	
OUT175 CON	175	0	21	0	0	
OUT175 JET 175	1	3.92315	-0.381423	1.68443	
OUT175 CON	175	1	0	0	0	
OUT175 CON	175	1	12	0	0	
OUT175 END	175	0	0	0	0
