OUT207 START	207	0	0	0	0
OUT207 LP	207	0	1.62339	-12.0644	7.34459
OUT207 IP 207	0	0.236526	-0.441575	0.28192
OUT207 IP 207	1	0.296085	-0.242865	0.182065
OUT207 IP 207	2	-0.697842	-0.738814	-0.491348
OUT207 IP 207	3	-0.607669	0.0602536	-0.46977
OUT207 IP 207	4	-0.111716	-0.238197	0.227154
OUT207 IP 207	5	0.289702	-3.63615	2.48482
OUT207 IP 207	6	-0.0965113	-2.67322	2.57666
OUT207 IP 207	7	1.62339	-12.0644	7.34459
OUT207 JetStat	207	1	1	0	0
OUT207 JET 207	0	1.81877	-18.4061	12.3407	
OUT207 CON	207	0	6	0	0	
OUT207 CON	207	0	5	0	0	
OUT207 CON	207	0	7	0	0	
OUT207 END	207	0	0	0	0
