OUT99 START	99	0	0	0	0
OUT99 LP	99	0	2.18921	3.44577	-3.57786
OUT99 IP 99	0	0.983423	1.15574	-1.12784
OUT99 IP 99	1	0.371934	0.00557709	-0.310885
OUT99 IP 99	2	0.212916	-0.143631	-0.256485
OUT99 IP 99	3	0.18853	-0.0718221	0.0359949
OUT99 IP 99	4	-0.565222	-0.917685	-0.174396
OUT99 IP 99	5	1.56976	2.55208	-1.45771
OUT99 IP 99	6	1.68489	2.16876	-2.11297
OUT99 IP 99	7	2.18921	3.44577	-3.57786
OUT99 IP 99	8	1.3684	-0.136312	-0.0467663
OUT99 IP 99	9	-0.155736	-0.354816	0.267242
OUT99 IP 99	10	-0.310069	0.0394671	0.160844
OUT99 IP 99	11	-0.413393	-0.0959179	0.327113
OUT99 IP 99	12	0.137967	0.281318	-0.0522632
OUT99 IP 99	13	0.842688	0.776419	-0.776431
OUT99 IP 99	14	-0.313507	0.265277	0.263532
OUT99 IP 99	15	-0.396585	0.631095	-0.174192
OUT99 IP 99	16	-0.0530209	0.318314	-0.0228397
OUT99 IP 99	17	-0.279674	-0.0570008	-0.0785263
OUT99 IP 99	18	0.162665	0.321068	-0.128734
OUT99 IP 99	19	0.0846403	1.41044	-0.539002
OUT99 IP 99	20	2.2178	2.46325	-2.4679
OUT99 IP 99	21	0.717475	0.283394	-0.194647
OUT99 IP 99	22	0.23683	-0.187162	0.251293
OUT99 IP 99	23	-0.080827	-0.152864	-0.130204
OUT99 IP 99	24	-0.443087	0.28883	0.408493
OUT99 IP 99	25	0.0648129	-0.184422	0.183928
OUT99 IP 99	26	-0.199705	-0.283381	0.148467
OUT99 IP 99	27	-0.382857	-0.0448078	-0.145165
OUT99 IP 99	28	-0.150665	-0.220041	-0.265263
OUT99 IP 99	29	0.0593524	0.182955	-0.0801401
OUT99 IP 99	30	0.592614	-0.0996193	0.4124
OUT99 JetStat	99	1	1	0	0
OUT99 JET 99	0	9.69053	12.9356	-11.5741	
OUT99 CON	99	0	18	0	0	
OUT99 CON	99	0	5	0	0	
OUT99 CON	99	0	7	0	0	
OUT99 CON	99	0	13	0	0	
OUT99 CON	99	0	6	0	0	
OUT99 CON	99	0	0	0	0	
OUT99 CON	99	0	20	0	0	
OUT99 END	99	0	0	0	0
