OUT62 START	62	0	0	0	0
OUT62 LP	62	0	-0.234018	-3.82965	1.47453
OUT62 IP 62	0	3.34481	0.246126	3.01167
OUT62 IP 62	1	0.156176	-3.07465	1.18585
OUT62 IP 62	2	-0.0156996	-0.878096	0.356002
OUT62 IP 62	3	-0.234018	-3.82965	1.47453
OUT62 IP 62	4	-0.387942	-1.66509	1.10361
OUT62 IP 62	5	-1.06759	-0.484295	-0.512307
OUT62 IP 62	6	-0.58855	-0.145522	0.0535214
OUT62 IP 62	7	0.352102	0.53296	0.108246
OUT62 IP 62	8	1.47426	-0.515965	0.46289
OUT62 IP 62	9	-0.578393	0.240704	-0.371427
OUT62 IP 62	10	-0.756575	-0.694061	0.808951
OUT62 IP 62	11	0.287235	0.00313674	-0.103828
OUT62 IP 62	12	0.11288	0.337889	0.119873
OUT62 IP 62	13	-1.3394	0.364725	-0.193967
OUT62 IP 62	14	0.0247874	0.275467	0.0825549
OUT62 IP 62	15	-0.458358	0.579929	-0.468714
OUT62 IP 62	16	1.08439	-0.534999	0.199964
OUT62 IP 62	17	0.562567	-0.168942	0.339508
OUT62 IP 62	18	0.130437	-0.142066	-0.148648
OUT62 IP 62	19	0.261307	-0.177105	-0.0783884
OUT62 IP 62	20	0.187664	-0.557923	0.32271
OUT62 IP 62	21	-0.14098	-0.210001	-0.0527869
OUT62 IP 62	22	-0.145182	-0.0485124	-0.0697311
OUT62 IP 62	23	0.605252	0.25211	-0.570517
OUT62 IP 62	24	0.0286711	0.194254	-0.0183636
OUT62 JetStat	62	3	3	0	0
OUT62 JET 62	0	-0.293931	-10.0877	4.42326	
OUT62 CON	62	0	20	0	0	
OUT62 CON	62	0	4	0	0	
OUT62 CON	62	0	1	0	0	
OUT62 CON	62	0	2	0	0	
OUT62 CON	62	0	3	0	0	
OUT62 JET 62	1	3.12806	-1.22265	0.992315	
OUT62 CON	62	1	17	0	0	
OUT62 CON	62	1	8	0	0	
OUT62 CON	62	1	16	0	0	
OUT62 JET 62	2	3.34481	0.246126	3.01167	
OUT62 CON	62	2	0	0	0	
OUT62 END	62	0	0	0	0
