OUT72 START	72	0	0	0	0
OUT72 LP	72	0	-7.95346	-4.81868	6.1053
OUT72 IP 72	0	0.160707	0.230227	-0.243092
OUT72 IP 72	1	-0.328178	0.359218	-0.259548
OUT72 IP 72	2	-0.221457	0.326079	-0.215695
OUT72 IP 72	3	-7.95346	-4.81868	6.1053
OUT72 IP 72	4	-0.168017	-0.0539783	-0.115699
OUT72 IP 72	5	0.0538465	0.525637	-0.311513
OUT72 IP 72	6	-0.371697	-0.224891	0.118441
OUT72 IP 72	7	0.623218	0.0084262	0.188713
OUT72 IP 72	8	1.36314	-1.24212	0.460067
OUT72 IP 72	9	0.315164	-0.216251	-0.388226
OUT72 IP 72	10	-0.142759	-0.186747	-0.124525
OUT72 IP 72	11	0.17061	0.191198	-0.104369
OUT72 IP 72	12	0.21186	0.505511	-0.536767
OUT72 IP 72	13	-0.017898	1.12246	-0.975386
OUT72 IP 72	14	-0.797326	2.55414	-1.4751
OUT72 IP 72	15	-0.127644	0.766804	-0.665189
OUT72 IP 72	16	0.199189	-0.0579055	-0.0933989
OUT72 IP 72	17	0.496553	0.520594	0.300539
OUT72 IP 72	18	-0.608953	-0.562321	0.30277
OUT72 IP 72	19	-1.23345	-0.0375453	0.569867
OUT72 IP 72	20	-0.0875052	0.610357	-0.255337
OUT72 IP 72	21	-0.174215	0.10341	-0.113561
OUT72 IP 72	22	-0.197322	-0.296786	-0.1054
OUT72 IP 72	23	-0.124038	0.201931	0.0545306
OUT72 IP 72	24	-0.0653039	-0.390676	0.147459
OUT72 IP 72	25	0.280695	0.149739	0.199934
OUT72 IP 72	26	-0.0136245	0.335998	0.235589
OUT72 IP 72	27	-0.202578	0.0037165	-0.0170463
OUT72 IP 72	28	-0.361521	0.0059505	-0.28393
OUT72 IP 72	29	-0.788843	0.438356	-0.164247
OUT72 IP 72	30	0.861257	-0.675666	0.415189
OUT72 IP 72	31	1.17374	-1.85403	0.901422
OUT72 IP 72	32	2.10769	-2.70671	1.37621
OUT72 IP 72	33	0.498187	-1.18716	0.0996327
OUT72 IP 72	34	0.583725	-0.923594	0.249997
OUT72 IP 72	35	1.43889	-1.57048	0.403552
OUT72 JetStat	72	3	3	0	0
OUT72 JET 72	0	8.10387	-10.2591	3.88438	
OUT72 CON	72	0	33	0	0	
OUT72 CON	72	0	30	0	0	
OUT72 CON	72	0	8	0	0	
OUT72 CON	72	0	35	0	0	
OUT72 CON	72	0	34	0	0	
OUT72 CON	72	0	31	0	0	
OUT72 CON	72	0	32	0	0	
OUT72 JET 72	1	-8.94667	-5.6148	6.50137	
OUT72 CON	72	1	6	0	0	
OUT72 CON	72	1	3	0	0	
OUT72 CON	72	1	18	0	0	
OUT72 JET 72	2	-0.984681	5.63526	-3.64894	
OUT72 CON	72	2	5	0	0	
OUT72 CON	72	2	13	0	0	
OUT72 CON	72	2	15	0	0	
OUT72 CON	72	2	14	0	0	
OUT72 CON	72	2	20	0	0	
OUT72 END	72	0	0	0	0
