OUT103 START	103	0	0	0	0
OUT103 LP	103	0	-0.73191	2.48087	1.50472
OUT103 IP 103	0	0.0871426	-0.741313	0.614825
OUT103 IP 103	1	0.0925917	-0.563442	0.394937
OUT103 IP 103	2	1.44291	-1.11743	1.16605
OUT103 IP 103	3	-2.07937	0.811995	1.10588
OUT103 IP 103	4	0.0318133	0.277154	0.00735795
OUT103 IP 103	5	-0.472415	0.666354	-0.295749
OUT103 IP 103	6	0.660211	-2.20955	1.95523
OUT103 IP 103	7	0.0668952	-0.175982	-0.121322
OUT103 IP 103	8	0.506875	-0.111619	-0.00882375
OUT103 IP 103	9	-0.0504067	0.523354	0.215406
OUT103 IP 103	10	-1.25515	1.20011	-1.29782
OUT103 IP 103	11	-0.822267	1.44145	-1.32241
OUT103 IP 103	12	-0.140908	-0.143728	-0.0181234
OUT103 IP 103	13	-0.313363	0.168339	0.0870839
OUT103 IP 103	14	-0.285982	-0.64386	0.126484
OUT103 IP 103	15	0.973032	0.526274	0.349189
OUT103 IP 103	16	0.119269	0.206611	0.156252
OUT103 IP 103	17	-0.72376	-0.0739208	0.210151
OUT103 IP 103	18	1.09631	-0.155624	-0.09279
OUT103 IP 103	19	-0.146248	-0.100466	-0.0345611
OUT103 IP 103	20	0.36173	0.0281209	0.17078
OUT103 IP 103	21	0.6011	0.344964	0.234623
OUT103 IP 103	22	0.269616	-0.071653	-0.0723029
OUT103 IP 103	23	-0.189422	0.262131	-0.234525
OUT103 IP 103	24	-0.420529	-0.0563618	-0.114878
OUT103 IP 103	25	-0.504271	1.21488	0.713771
OUT103 IP 103	26	0.377431	0.712047	0.826778
OUT103 IP 103	27	-0.73191	2.48087	1.50472
OUT103 IP 103	28	-0.276534	-0.0319269	0.0887327
OUT103 IP 103	29	-0.362371	-0.382388	-0.0656433
OUT103 IP 103	30	0.0603014	-0.466349	-0.238653
OUT103 IP 103	31	0.352781	-0.182902	0.232033
OUT103 IP 103	32	-0.36604	0.39233	0.177498
OUT103 IP 103	33	0.0753989	0.150135	0.165788
OUT103 IP 103	34	-0.0948232	-0.264332	-0.103355
OUT103 IP 103	35	0.986346	0.883604	-1.25618
OUT103 IP 103	36	-0.389301	1.81616	-1.18776
OUT103 IP 103	37	-0.191164	0.589149	-0.305865
OUT103 IP 103	38	-0.716377	1.20185	-1.42958
OUT103 IP 103	39	-1.18069	-0.363436	0.424893
OUT103 IP 103	40	0.0273034	-0.597204	0.594447
OUT103 IP 103	41	1.19676	-0.065736	-0.73589
OUT103 IP 103	42	-0.232958	0.665665	0.673958
OUT103 IP 103	43	-0.179617	0.215117	0.261407
OUT103 IP 103	44	-0.29509	-0.0247086	-0.126847
OUT103 IP 103	45	0.21328	-0.375872	0.236051
OUT103 IP 103	46	0.240936	-0.213381	0.0393084
OUT103 IP 103	47	0.284415	-0.186108	0.215565
OUT103 IP 103	48	-0.3853	-1.70577	-1.37057
OUT103 IP 103	49	-0.355311	-0.703189	-0.524745
OUT103 IP 103	50	-0.595166	1.00443	-0.798686
OUT103 IP 103	51	-0.659399	1.68659	-0.860741
OUT103 JetStat	103	3	3	0	0
OUT103 JET 103	0	-5.38354	10.0382	-7.64717	
OUT103 CON	103	0	36	0	0	
OUT103 CON	103	0	5	0	0	
OUT103 CON	103	0	37	0	0	
OUT103 CON	103	0	51	0	0	
OUT103 CON	103	0	10	0	0	
OUT103 CON	103	0	38	0	0	
OUT103 CON	103	0	23	0	0	
OUT103 CON	103	0	11	0	0	
OUT103 CON	103	0	50	0	0	
OUT103 JET 103	1	-1.52413	4.90149	3.08282	
OUT103 CON	103	1	42	0	0	
OUT103 CON	103	1	9	0	0	
OUT103 CON	103	1	25	0	0	
OUT103 CON	103	1	27	0	0	
OUT103 JET 103	2	1.09007	-4.52401	3.78041	
OUT103 CON	103	2	45	0	0	
OUT103 CON	103	2	40	0	0	
OUT103 CON	103	2	1	0	0	
OUT103 CON	103	2	0	0	0	
OUT103 CON	103	2	6	0	0	
OUT103 END	103	0	0	0	0
