OUT183 START	183	0	0	0	0
OUT183 LP	183	0	0.893417	1.80253	-1.63719
OUT183 IP 183	0	-0.349063	-0.44639	0.0955317
OUT183 IP 183	1	-1.47539	-1.58791	-1.58931
OUT183 IP 183	2	0.941069	2.02219	-1.52006
OUT183 IP 183	3	0.192297	0.118882	-0.132518
OUT183 IP 183	4	0.953153	1.59121	-0.547927
OUT183 IP 183	5	0.90918	2.21438	-2.27363
OUT183 IP 183	6	0.46567	0.480225	0.129038
OUT183 IP 183	7	0.114357	0.184686	0.120157
OUT183 IP 183	8	0.229661	-0.318374	0.300256
OUT183 IP 183	9	0.898896	0.276778	-0.0688896
OUT183 IP 183	10	-0.179959	-0.0817822	0.0601138
OUT183 IP 183	11	-0.211493	-1.18697	-0.451752
OUT183 IP 183	12	-0.14732	-0.435449	0.0194758
OUT183 IP 183	13	-1.62015	-2.45428	-0.707777
OUT183 IP 183	14	-0.300815	-1.77976	-0.167866
OUT183 IP 183	15	-0.947282	-1.67036	-0.19445
OUT183 IP 183	16	-0.236674	-1.14645	-0.578339
OUT183 IP 183	17	0.000831536	-0.32869	-0.239315
OUT183 IP 183	18	0.561081	1.50486	-0.910622
OUT183 IP 183	19	0.33266	0.27741	-0.0120707
OUT183 IP 183	20	-0.656773	0.0115658	0.314157
OUT183 IP 183	21	-0.351073	0.095884	0.362974
OUT183 IP 183	22	0.0455089	-1.3764	-0.337656
OUT183 IP 183	23	-0.164586	-0.483158	-0.0157502
OUT183 IP 183	24	-0.089105	-0.237632	-0.176994
OUT183 IP 183	25	0.893417	1.80253	-1.63719
OUT183 IP 183	26	0.6014	1.03637	-1.03533
OUT183 IP 183	27	0.22798	0.499189	-0.297962
OUT183 JetStat	183	2	2	0	0
OUT183 JET 183	0	-4.04739	-9.77432	-1.97421	
OUT183 CON	183	0	16	0	0	
OUT183 CON	183	0	11	0	0	
OUT183 CON	183	0	14	0	0	
OUT183 CON	183	0	0	0	0	
OUT183 CON	183	0	12	0	0	
OUT183 CON	183	0	23	0	0	
OUT183 CON	183	0	13	0	0	
OUT183 CON	183	0	15	0	0	
OUT183 JET 183	1	4.13945	9.09099	-7.62589	
OUT183 CON	183	1	27	0	0	
OUT183 CON	183	1	18	0	0	
OUT183 CON	183	1	2	0	0	
OUT183 CON	183	1	5	0	0	
OUT183 CON	183	1	25	0	0	
OUT183 CON	183	1	26	0	0	
OUT183 END	183	0	0	0	0
