OUT227 START	227	0	0	0	0
OUT227 LP	227	0	0.564443	3.6334	2.64133
OUT227 IP 227	0	0.942845	-2.26719	-1.23417
OUT227 IP 227	1	0.326577	-2.48222	-0.867652
OUT227 IP 227	2	0.819816	-2.34542	-0.602387
OUT227 IP 227	3	0.410674	-0.0885251	-0.089713
OUT227 IP 227	4	-0.395349	0.702619	0.417342
OUT227 IP 227	5	0.564443	3.6334	2.64133
OUT227 IP 227	6	-0.517385	-0.547816	-0.270978
OUT227 IP 227	7	0.419613	0.58192	0.472509
OUT227 IP 227	8	0.2584	0.511035	-0.00558869
OUT227 IP 227	9	0.772088	-0.874381	0.0238568
OUT227 IP 227	10	-0.603141	1.63971	0.619976
OUT227 IP 227	11	-0.0758653	1.40427	0.434706
OUT227 IP 227	12	-0.366626	0.0585539	-0.188579
OUT227 IP 227	13	-0.162631	-0.0689418	-0.00824967
OUT227 IP 227	14	-0.359158	-0.294831	0.245057
OUT227 IP 227	15	-0.243719	-0.392817	0.0155285
OUT227 IP 227	16	-0.0746187	0.256925	0.176713
OUT227 IP 227	17	0.746489	-0.612604	0.501877
OUT227 IP 227	18	-0.363209	0.640985	-0.498484
OUT227 IP 227	19	0.0709292	0.355695	0.0547978
OUT227 IP 227	20	-0.00921405	-0.205149	-0.104734
OUT227 IP 227	21	-0.00994272	-2.62495	-1.06722
OUT227 IP 227	22	-0.382046	0.506528	0.278856
OUT227 IP 227	23	-0.179799	0.0262194	-0.169908
OUT227 IP 227	24	-0.157028	-0.0873115	0.03283
OUT227 IP 227	25	0.164798	0.917348	-0.637227
OUT227 JetStat	227	3	3	0	0
OUT227 JET 227	0	2.09669	-10.0577	-3.86118	
OUT227 CON	227	0	0	0	0	
OUT227 CON	227	0	2	0	0	
OUT227 CON	227	0	1	0	0	
OUT227 CON	227	0	20	0	0	
OUT227 CON	227	0	21	0	0	
OUT227 JET 227	1	0.564443	3.6334	2.64133	
OUT227 CON	227	1	5	0	0	
OUT227 JET 227	2	-1.46659	3.12864	1.48722	
OUT227 CON	227	2	16	0	0	
OUT227 CON	227	2	22	0	0	
OUT227 CON	227	2	4	0	0	
OUT227 CON	227	2	10	0	0	
OUT227 END	227	0	0	0	0
