OUT251 START	251	0	0	0	0
OUT251 LP	251	0	-1.99874	-0.819281	-0.79944
OUT251 IP 251	0	-0.359223	-0.514096	-0.196529
OUT251 IP 251	1	-2.01274	-0.337264	-0.322552
OUT251 IP 251	2	-1.24718	-0.848283	-0.40202
OUT251 IP 251	3	-0.820121	-0.0215208	-0.631103
OUT251 IP 251	4	-0.257758	0.208324	-0.181078
OUT251 IP 251	5	-0.371026	-0.277601	-0.194744
OUT251 IP 251	6	0.876392	0.291374	-0.626682
OUT251 IP 251	7	0.128915	0.761332	-0.19888
OUT251 IP 251	8	0.822896	-0.00265669	0.451256
OUT251 IP 251	9	-0.0132757	0.196136	-0.084823
OUT251 IP 251	10	0.663536	-2.20463	-1.17857
OUT251 IP 251	11	-0.141181	-1.14238	0.30741
OUT251 IP 251	12	-2.27624	-1.4076	0.0431496
OUT251 IP 251	13	-0.450516	-0.00755079	0.101183
OUT251 IP 251	14	-1.15926	-0.439942	-0.712424
OUT251 IP 251	15	-1.99874	-0.819281	-0.79944
OUT251 IP 251	16	-1.32702	0.0590622	-1.09924
OUT251 IP 251	17	0.176329	0.351844	0.12948
OUT251 IP 251	18	-0.688776	0.529713	0.767705
OUT251 IP 251	19	0.367012	-0.0859029	0.30915
OUT251 IP 251	20	0.219898	0.328155	0.229764
OUT251 IP 251	21	0.227399	-0.112432	0.0995091
OUT251 IP 251	22	-0.391136	0.0877518	0.308345
OUT251 IP 251	23	-0.0180412	0.234273	-0.171567
OUT251 IP 251	24	-0.228253	0.225486	0.216917
OUT251 IP 251	25	-0.203755	-0.253908	0.292151
OUT251 IP 251	26	0.139782	0.106303	0.0521753
OUT251 IP 251	27	0.551108	1.0602	-0.781647
OUT251 IP 251	28	-0.0435659	-0.14728	-0.0410762
OUT251 IP 251	29	0.144462	-0.370379	-0.0289777
OUT251 IP 251	30	0.172769	0.418604	-0.0671212
OUT251 IP 251	31	0.526009	0.19838	0.15164
OUT251 IP 251	32	0.64713	-0.224905	-0.00119197
OUT251 JetStat	251	1	1	0	0
OUT251 JET 251	0	-9.18231	-4.17977	-2.34589	
OUT251 CON	251	0	12	0	0	
OUT251 CON	251	0	1	0	0	
OUT251 CON	251	0	2	0	0	
OUT251 CON	251	0	5	0	0	
OUT251 CON	251	0	14	0	0	
OUT251 CON	251	0	15	0	0	
OUT251 END	251	0	0	0	0
