OUT188 START	188	0	0	0	0
OUT188 LP	188	0	-0.62875	6.08535	-1.53708
OUT188 IP 188	0	0.32825	0.635941	0.687905
OUT188 IP 188	1	1.45484	-0.45334	1.38858
OUT188 IP 188	2	1.78398	-1.82203	2.12074
OUT188 IP 188	3	-0.104917	0.211325	-0.119466
OUT188 IP 188	4	-0.166298	-0.631292	0.405802
OUT188 IP 188	5	0.200684	-0.5259	0.473985
OUT188 IP 188	6	-0.196216	0.160746	0.00515217
OUT188 IP 188	7	0.328068	-0.117085	-0.0811745
OUT188 IP 188	8	-0.154817	0.214488	0.164085
OUT188 IP 188	9	-0.116745	0.299961	-0.234696
OUT188 IP 188	10	-0.703494	0.570578	-0.924815
OUT188 IP 188	11	-0.406466	0.906501	-0.144487
OUT188 IP 188	12	-1.18765	1.3654	0.252642
OUT188 IP 188	13	-0.337288	0.815044	-0.0355155
OUT188 IP 188	14	0.162309	0.0498184	0.0149942
OUT188 IP 188	15	0.691737	-0.409507	-0.220738
OUT188 IP 188	16	0.415006	0.160944	0.221621
OUT188 IP 188	17	-0.166668	2.13233	2.01396
OUT188 IP 188	18	0.300549	0.186929	0.283382
OUT188 IP 188	19	0.205698	0.449834	0.153419
OUT188 IP 188	20	-0.263954	0.175501	-0.179072
OUT188 IP 188	21	0.477399	0.0693485	-0.00640924
OUT188 IP 188	22	-0.653814	0.917322	-0.905315
OUT188 IP 188	23	0.863412	1.10951	-0.755265
OUT188 IP 188	24	-0.252328	-0.21412	-0.0772615
OUT188 IP 188	25	0.0199213	0.557169	-0.231519
OUT188 IP 188	26	-0.886394	1.62669	-0.444197
OUT188 IP 188	27	-0.440195	1.31053	0.289335
OUT188 IP 188	28	-0.62875	6.08535	-1.53708
OUT188 IP 188	29	0.314212	0.393104	0.298318
OUT188 IP 188	30	0.152131	-0.168963	0.068796
OUT188 IP 188	31	0.280951	0.85643	-0.518714
OUT188 IP 188	32	0.128986	0.886101	-0.338323
OUT188 JetStat	188	1	1	0	0
OUT188 JET 188	0	-2.26356	11.3104	-2.83978	
OUT188 CON	188	0	3	0	0	
OUT188 CON	188	0	26	0	0	
OUT188 CON	188	0	13	0	0	
OUT188 CON	188	0	11	0	0	
OUT188 CON	188	0	32	0	0	
OUT188 CON	188	0	25	0	0	
OUT188 CON	188	0	28	0	0	
OUT188 END	188	0	0	0	0
