OUT254 START	254	0	0	0	0
OUT254 LP	254	0	0.580567	3.24661	-3.12381
OUT254 IP 254	0	0.580567	3.24661	-3.12381
OUT254 IP 254	1	0.284201	0.211658	0.349881
OUT254 IP 254	2	-0.704436	0.111254	0.65171
OUT254 IP 254	3	-0.238154	-0.05659	0.182362
OUT254 IP 254	4	-0.664065	0.484526	0.102785
OUT254 IP 254	5	-0.570469	-0.274501	-0.490438
OUT254 IP 254	6	0.909256	0.11964	0.651167
OUT254 IP 254	7	-0.183139	-0.0109651	-0.125777
OUT254 IP 254	8	0.151115	1.62641	0.616158
OUT254 IP 254	9	0.337008	1.53265	0.507549
OUT254 IP 254	10	-0.47583	2.91786	1.31051
OUT254 IP 254	11	2.07171	-0.0906373	-0.20229
OUT254 IP 254	12	2.39212	0.323105	1.64511
OUT254 IP 254	13	0.996326	0.651075	-0.726186
OUT254 IP 254	14	0.858191	-0.0836082	0.873671
OUT254 IP 254	15	0.335441	0.097677	-0.286228
OUT254 IP 254	16	0.0631274	-0.631292	-0.564131
OUT254 IP 254	17	-0.0771534	0.211696	-0.0932309
OUT254 IP 254	18	0.263365	-0.40606	-0.0775372
OUT254 IP 254	19	0.277332	-0.194341	-0.0291354
OUT254 IP 254	20	0.64385	0.0929375	0.0820146
OUT254 IP 254	21	0.6775	-0.358161	0.722388
OUT254 IP 254	22	-0.156387	0.216369	-0.0119827
OUT254 IP 254	23	-0.198736	0.206969	-0.180195
OUT254 IP 254	24	-0.000219583	0.330074	0.219714
OUT254 IP 254	25	-0.242978	-0.255065	-0.171261
OUT254 IP 254	26	0.241337	-0.0258268	-0.232946
OUT254 IP 254	27	-0.529833	-0.10913	0.310914
OUT254 IP 254	28	-0.609498	0.712539	0.348427
OUT254 IP 254	29	0.358947	1.29421	0.58736
OUT254 IP 254	30	-0.220714	0.99939	0.775888
OUT254 IP 254	31	2.26148	0.432293	2.08756
OUT254 IP 254	32	0.21582	0.138803	-0.0840623
OUT254 IP 254	33	1.00655	0.0229882	0.807235
OUT254 IP 254	34	-0.0239926	-0.286994	0.138189
OUT254 IP 254	35	0.0357053	0.352159	0.252719
OUT254 IP 254	36	0.203645	1.17617	0.777771
OUT254 IP 254	37	0.148595	0.151387	0.00137139
OUT254 IP 254	38	0.2981	0.0314528	0.244995
OUT254 JetStat	254	3	3	0	0
OUT254 JET 254	0	0.394076	10.3959	5.00642	
OUT254 CON	254	0	30	0	0	
OUT254 CON	254	0	10	0	0	
OUT254 CON	254	0	24	0	0	
OUT254 CON	254	0	35	0	0	
OUT254 CON	254	0	36	0	0	
OUT254 CON	254	0	8	0	0	
OUT254 CON	254	0	9	0	0	
OUT254 CON	254	0	29	0	0	
OUT254 JET 254	1	7.75595	0.848016	6.28395	
OUT254 CON	254	1	14	0	0	
OUT254 CON	254	1	31	0	0	
OUT254 CON	254	1	33	0	0	
OUT254 CON	254	1	38	0	0	
OUT254 CON	254	1	6	0	0	
OUT254 CON	254	1	12	0	0	
OUT254 JET 254	2	0.580567	3.24661	-3.12381	
OUT254 CON	254	2	0	0	0	
OUT254 END	254	0	0	0	0
