OUT168 START	168	0	0	0	0
OUT168 LP	168	0	-1.72016	-4.41556	-4.8533
OUT168 IP 168	0	0.476354	1.18884	0.0221101
OUT168 IP 168	1	-0.583585	0.790034	-0.00763069
OUT168 IP 168	2	-0.271035	-1.12088	-0.382722
OUT168 IP 168	3	-0.0700775	-0.818445	-0.534962
OUT168 IP 168	4	0.0522824	-1.12329	-0.93752
OUT168 IP 168	5	-0.603022	-2.64629	-2.66921
OUT168 IP 168	6	-1.03989	-4.17082	-4.29706
OUT168 IP 168	7	-0.698236	-0.382008	-0.178054
OUT168 IP 168	8	-0.120927	0.524316	-0.430088
OUT168 IP 168	9	-0.544018	2.61631	-2.65673
OUT168 IP 168	10	-0.281422	1.41888	-1.47201
OUT168 IP 168	11	-0.549372	0.169688	-0.304606
OUT168 IP 168	12	0.24678	0.093084	0.261082
OUT168 IP 168	13	0.255324	-0.439316	-0.104434
OUT168 IP 168	14	-0.174837	0.708473	0.615744
OUT168 IP 168	15	-0.526347	0.546993	-0.454063
OUT168 IP 168	16	-0.571231	-0.197493	0.257846
OUT168 IP 168	17	-0.728144	-0.592347	0.0545155
OUT168 IP 168	18	-0.290602	-0.0553305	0.0811611
OUT168 IP 168	19	0.451691	-0.0397773	0.178396
OUT168 IP 168	20	0.0509281	0.633928	-0.027567
OUT168 IP 168	21	-0.552933	0.319083	-0.28073
OUT168 IP 168	22	-0.306873	-0.411298	0.286053
OUT168 IP 168	23	-0.697579	-1.4042	-1.08604
OUT168 IP 168	24	-0.374053	-2.24643	-1.4667
OUT168 IP 168	25	-0.270639	-0.276089	0.11578
OUT168 IP 168	26	0.227353	0.356367	0.159323
OUT168 IP 168	27	0.217752	-0.189942	0.29575
OUT168 IP 168	28	1.50324	0.907915	-1.27939
OUT168 IP 168	29	-0.428105	-0.307649	-0.356913
OUT168 IP 168	30	-0.0535677	0.53867	-0.0564997
OUT168 IP 168	31	-0.232249	0.183278	0.0664312
OUT168 IP 168	32	0.261969	0.00743692	0.252794
OUT168 IP 168	33	-0.0474917	-0.197938	-0.0333382
OUT168 IP 168	34	0.020408	0.215288	0.0986632
OUT168 IP 168	35	-0.444677	-1.22608	-1.1889
OUT168 IP 168	36	-1.72016	-4.41556	-4.8533
OUT168 IP 168	37	-0.14778	0.323656	0.116472
OUT168 IP 168	38	-0.382765	-0.479473	-0.517579
OUT168 IP 168	39	-0.273679	-1.11818	-0.714395
OUT168 JetStat	168	2	2	0	0
OUT168 JET 168	0	-5.20479	-19.3089	-17.6247	
OUT168 CON	168	0	4	0	0	
OUT168 CON	168	0	3	0	0	
OUT168 CON	168	0	24	0	0	
OUT168 CON	168	0	39	0	0	
OUT168 CON	168	0	23	0	0	
OUT168 CON	168	0	5	0	0	
OUT168 CON	168	0	6	0	0	
OUT168 CON	168	0	35	0	0	
OUT168 CON	168	0	36	0	0	
OUT168 JET 168	1	-0.946406	4.55969	-4.55369	
OUT168 CON	168	1	8	0	0	
OUT168 CON	168	1	9	0	0	
OUT168 CON	168	1	10	0	0	
OUT168 END	168	0	0	0	0
