OUT84 START	84	0	0	0	0
OUT84 LP	84	0	-3.66162	-0.342773	-1.08881
OUT84 IP 84	0	-2.15614	-0.626748	-1.68367
OUT84 IP 84	1	-0.472125	-0.28937	-0.0728382
OUT84 IP 84	2	-3.66162	-0.342773	-1.08881
OUT84 IP 84	3	0.734812	0.43011	0.614873
OUT84 IP 84	4	-1.24726	1.59402	1.18091
OUT84 IP 84	5	0.190277	-1.18457	-0.689456
OUT84 IP 84	6	0.711641	-0.567511	0.288282
OUT84 IP 84	7	1.2492	0.435885	-0.583724
OUT84 IP 84	8	-0.236375	-0.0589276	0.247509
OUT84 IP 84	9	-1.42471	-0.146538	-0.410884
OUT84 IP 84	10	-1.89415	-0.0537594	-0.8159
OUT84 IP 84	11	-0.663275	-0.838891	0.909614
OUT84 IP 84	12	-0.157695	-0.0191324	-0.0654327
OUT84 IP 84	13	-0.706238	-0.307717	-0.370192
OUT84 IP 84	14	0.245915	0.958721	0.611895
OUT84 IP 84	15	-0.117021	-1.5069	-1.2908
OUT84 IP 84	16	0.391953	-0.488418	-0.449352
OUT84 IP 84	17	0.0397507	-0.151282	0.14501
OUT84 IP 84	18	-0.508584	0.290773	-0.338762
OUT84 IP 84	19	-0.222017	-0.666574	0.527723
OUT84 IP 84	20	0.283526	0.555786	-0.349175
OUT84 IP 84	21	-0.664869	-0.348463	-0.192212
OUT84 IP 84	22	-0.689776	-0.537471	-0.357949
OUT84 IP 84	23	-0.132337	-0.305724	-0.337357
OUT84 IP 84	24	-0.670018	0.270271	0.629744
OUT84 IP 84	25	-0.248875	0.0172439	0.109499
OUT84 JetStat	84	1	1	0	0
OUT84 JET 84	0	-10.7692	-1.86791	-4.56177	
OUT84 CON	84	0	0	0	0	
OUT84 CON	84	0	21	0	0	
OUT84 CON	84	0	13	0	0	
OUT84 CON	84	0	10	0	0	
OUT84 CON	84	0	12	0	0	
OUT84 CON	84	0	2	0	0	
OUT84 CON	84	0	9	0	0	
OUT84 END	84	0	0	0	0
