OUT281 START	281	0	0	0	0
OUT281 LP	281	0	5.31355	-4.67907	-0.400638
OUT281 IP 281	0	-1.60987	-2.64097	2.68721
OUT281 IP 281	1	-0.558047	-2.01995	1.86909
OUT281 IP 281	2	2.55854	-2.51678	-0.239685
OUT281 IP 281	3	0.181629	-0.39608	-0.224817
OUT281 IP 281	4	0.546367	0.147895	-0.470453
OUT281 IP 281	5	0.264852	0.318391	0.360751
OUT281 IP 281	6	-0.474022	0.602993	0.278748
OUT281 IP 281	7	0.0458511	0.213762	-0.107921
OUT281 IP 281	8	0.412717	0.111825	0.369744
OUT281 IP 281	9	-0.332376	0.0535898	-0.102558
OUT281 IP 281	10	0.145342	0.0568767	-0.0892543
OUT281 IP 281	11	-0.430436	0.0221182	-0.253057
OUT281 IP 281	12	5.31355	-4.67907	-0.400638
OUT281 IP 281	13	0.0827719	-0.43423	-0.0870048
OUT281 IP 281	14	0.0557023	-0.180252	0.127645
OUT281 IP 281	15	-0.329737	0.143401	0.241058
OUT281 IP 281	16	-0.131344	-0.125352	0.144687
OUT281 IP 281	17	-0.397293	-0.279419	0.311194
OUT281 IP 281	18	-0.129719	0.294512	-0.0317918
OUT281 IP 281	19	-0.0403797	0.343793	-0.0465467
OUT281 IP 281	20	-0.189343	0.421765	0.151411
OUT281 IP 281	21	-0.195618	0.853881	0.292436
OUT281 IP 281	22	0.232463	0.0560192	0.12153
OUT281 IP 281	23	-0.23604	-0.498492	0.157725
OUT281 IP 281	24	0.224931	0.264976	-0.0823079
OUT281 JetStat	281	2	2	0	0
OUT281 JET 281	0	7.87475	-7.19832	-0.640316	
OUT281 CON	281	0	2	0	0	
OUT281 CON	281	0	12	0	0	
OUT281 JET 281	1	-2.32529	-4.84061	4.70054	
OUT281 CON	281	1	1	0	0	
OUT281 CON	281	1	0	0	0	
OUT281 CON	281	1	16	0	0	
OUT281 END	281	0	0	0	0
