OUT53 START	53	0	0	0	0
OUT53 LP	53	0	2.1622	6.08184	0.645613
OUT53 IP 53	0	0.247015	0.00529873	0.0716732
OUT53 IP 53	1	0.332383	-0.512291	-0.515268
OUT53 IP 53	2	-0.0893973	0.45316	-0.227046
OUT53 IP 53	3	0.0738086	0.341342	0.0927006
OUT53 IP 53	4	0.498369	0.00647957	-0.0679254
OUT53 IP 53	5	2.1622	6.08184	0.645613
OUT53 IP 53	6	0.587265	1.45361	0.0939134
OUT53 IP 53	7	-0.365685	0.304358	-0.429588
OUT53 IP 53	8	-0.150958	0.249539	-0.0904986
OUT53 IP 53	9	0.536919	-0.483829	-0.566017
OUT53 IP 53	10	-0.831964	0.382109	-0.0557767
OUT53 IP 53	11	0.582407	-0.973259	0.973353
OUT53 IP 53	12	0.234086	-0.0283669	-0.20775
OUT53 IP 53	13	0.380538	0.117594	-0.170324
OUT53 IP 53	14	0.4046	-0.324412	-0.0119325
OUT53 IP 53	15	0.434262	0.376453	-0.482757
OUT53 IP 53	16	0.211743	-0.336657	0.123326
OUT53 IP 53	17	0.252513	-0.290043	0.391496
OUT53 IP 53	18	0.239325	-0.183598	0.0143645
OUT53 IP 53	19	0.297576	-0.0160847	-0.096906
OUT53 IP 53	20	0.251252	0.811147	0.164441
OUT53 IP 53	21	0.680899	0.923959	0.143536
OUT53 IP 53	22	-1.21312	-0.35344	0.960472
OUT53 IP 53	23	-0.881262	-0.791435	0.403811
OUT53 IP 53	24	0.346231	0.0420266	-0.150271
OUT53 IP 53	25	0.0938154	-0.21736	-0.0260683
OUT53 IP 53	26	-0.246087	-0.317057	-0.35818
OUT53 JetStat	53	1	1	0	0
OUT53 JET 53	0	3.77624	9.65656	1.13892	
OUT53 CON	53	0	21	0	0	
OUT53 CON	53	0	3	0	0	
OUT53 CON	53	0	20	0	0	
OUT53 CON	53	0	5	0	0	
OUT53 CON	53	0	6	0	0	
OUT53 END	53	0	0	0	0
