OUT250 START	250	0	0	0	0
OUT250 LP	250	0	-4.15918	0.399212	-0.486029
OUT250 IP 250	0	0.516466	-0.895638	0.00156609
OUT250 IP 250	1	1.02445	-1.60887	-0.118309
OUT250 IP 250	2	0.392231	0.466671	0.350783
OUT250 IP 250	3	0.138576	0.539599	-0.473878
OUT250 IP 250	4	-0.23274	0.00444657	-0.123089
OUT250 IP 250	5	-0.243694	-0.175775	0.11417
OUT250 IP 250	6	-4.15918	0.399212	-0.486029
OUT250 IP 250	7	-1.44551	-0.247655	-0.187469
OUT250 IP 250	8	-2.77728	0.34188	-0.220022
OUT250 IP 250	9	-1.11243	0.180081	0.153174
OUT250 IP 250	10	-2.6877	-0.183436	-0.748874
OUT250 IP 250	11	0.295436	2.06428	2.02241
OUT250 IP 250	12	0.225798	0.420297	0.0653425
OUT250 IP 250	13	2.20536	-0.14932	1.25271
OUT250 IP 250	14	-0.0799994	-0.384559	0.262157
OUT250 IP 250	15	0.0265741	0.612983	0.46608
OUT250 IP 250	16	-0.618352	-0.174456	0.104132
OUT250 IP 250	17	-0.141444	0.172757	0.000393417
OUT250 IP 250	18	-0.445571	0.646583	-0.437936
OUT250 IP 250	19	-0.0634326	1.01036	-0.824343
OUT250 IP 250	20	0.0334469	0.410354	0.272935
OUT250 IP 250	21	0.722908	-0.201937	-0.0344102
OUT250 IP 250	22	-0.849525	0.559827	-0.529055
OUT250 IP 250	23	-1.48217	1.86143	-2.03097
OUT250 IP 250	24	1.59285	0.607541	-0.226404
OUT250 IP 250	25	0.694626	1.70921	-0.333068
OUT250 IP 250	26	0.0708027	0.249045	0.109672
OUT250 IP 250	27	1.3563	1.86561	-0.780169
OUT250 IP 250	28	-0.400591	-0.472119	0.229589
OUT250 IP 250	29	0.243017	-0.107655	0.130836
OUT250 IP 250	30	-0.49752	-0.0334303	0.167604
OUT250 IP 250	31	-0.7394	0.173881	-0.442973
OUT250 IP 250	32	0.471909	-0.0523191	-0.125472
OUT250 IP 250	33	-0.218673	-0.172356	0.0975398
OUT250 IP 250	34	0.151976	0.391292	-0.230711
OUT250 IP 250	35	0.0778929	-0.485005	0.113762
OUT250 IP 250	36	0.0477726	-0.573359	-0.114184
OUT250 IP 250	37	0.589738	-0.122595	0.0765689
OUT250 IP 250	38	0.0016385	0.49204	-0.187604
OUT250 IP 250	39	0.37106	0.665673	-0.0605562
OUT250 IP 250	40	-0.340648	0.182314	0.0115
OUT250 IP 250	41	-0.319418	-0.11884	0.209481
OUT250 IP 250	42	0.247234	-0.327715	0.0268798
OUT250 IP 250	43	0.905158	-2.07169	-0.0260272
OUT250 IP 250	44	-0.27477	0.137576	-0.0433554
OUT250 IP 250	45	0.677728	-0.128499	-0.0456355
OUT250 IP 250	46	0.39295	0.015536	0.37221
OUT250 IP 250	47	0.346219	0.143034	0.289511
OUT250 IP 250	48	0.353171	-0.11881	0.0249979
OUT250 IP 250	49	-0.0996975	0.257948	-0.04549
OUT250 IP 250	50	-0.244657	0.287699	0.0544897
OUT250 IP 250	51	-0.0510248	-0.312373	-0.30021
OUT250 IP 250	52	-0.249719	0.0258335	-0.107686
OUT250 JetStat	250	5	5	0	0
OUT250 JET 250	0	-12.7371	0.52117	-1.7062	
OUT250 CON	250	0	4	0	0	
OUT250 CON	250	0	52	0	0	
OUT250 CON	250	0	7	0	0	
OUT250 CON	250	0	10	0	0	
OUT250 CON	250	0	9	0	0	
OUT250 CON	250	0	6	0	0	
OUT250 CON	250	0	8	0	0	
OUT250 JET 250	1	2.81648	5.08224	-1.32429	
OUT250 CON	250	1	12	0	0	
OUT250 CON	250	1	34	0	0	
OUT250 CON	250	1	27	0	0	
OUT250 CON	250	1	25	0	0	
OUT250 CON	250	1	39	0	0	
OUT250 JET 250	2	2.70184	-4.91941	-0.115841	
OUT250 CON	250	2	43	0	0	
OUT250 CON	250	2	42	0	0	
OUT250 CON	250	2	0	0	0	
OUT250 CON	250	2	1	0	0	
OUT250 JET 250	3	-2.80842	3.09881	-2.97357	
OUT250 CON	250	3	22	0	0	
OUT250 CON	250	3	18	0	0	
OUT250 CON	250	3	23	0	0	
OUT250 JET 250	4	0.355719	3.09018	2.75018	
OUT250 CON	250	4	20	0	0	
OUT250 CON	250	4	11	0	0	
OUT250 CON	250	4	15	0	0	
OUT250 END	250	0	0	0	0
